  1.00,   1.95E-009, 
  1.10,   2.15E-009, 
  1.20,   3.99E-009, 
  1.30,   1.23E-008, 
  1.40,   1.69E-008, 
  1.50,   1.35E-008, 
  1.60,   1.19E-008, 
  1.70,   1.08E-008, 
  1.80,   1.13E-008, 
  1.90,   1.23E-008, 
  2.00,   1.30E-008, 
  2.10,   1.28E-008, 
  2.20,   1.21E-008, 
  2.30,   1.07E-008, 
  2.40,   7.91E-009, 
  2.50,   4.04E-009, 
  2.60,   2.08E-009, 
  2.70,   1.21E-009, 
  2.80,   3.35E-010, 
  2.90,   1.11E-010, 
  3.00,   3.99E-011, 
  3.10,   3.99E-011, 
  3.20,  -5.74E-011, 
  3.30,  -9.10E-012, 
  3.40,  -1.05E-011, 
  3.50,  -7.49E-011, 
  3.60,  -8.40E-011, 
  3.70,  -9.66E-011, 
  3.80,  -8.19E-011, 
  3.90,  -1.32E-010, 
  4.00,  -1.55E-010, 
  4.10,  -3.43E-011, 
  4.20,  -5.81E-011, 
  4.30,  -7.42E-011, 
  4.40,  -7.07E-011, 
  4.50,  -1.61E-011, 
  4.60,   6.30E-012, 
  4.70,  -3.01E-011, 
  4.80,  -8.12E-011, 
  4.90,  -1.12E-010, 
  5.00,  -1.60E-010, 
  5.10,  -1.16E-010, 
  5.20,  -1.13E-010, 
  5.30,  -2.29E-010, 
  5.40,  -1.37E-010, 
  5.50,  -1.72E-010, 
  5.60,  -1.90E-010, 
  5.70,  -2.18E-010, 
  5.80,  -2.00E-010, 
  5.90,  -2.09E-010, 
  6.00,  -2.44E-010, 
  6.10,  -2.08E-010, 
  6.20,  -1.79E-010, 
  6.30,  -1.25E-010, 
  6.40,  -1.60E-010, 
  6.50,  -1.56E-010, 
  6.60,  -1.56E-010, 
  6.70,  -9.52E-011, 
  6.80,  -4.62E-011, 
  6.90,  -8.54E-011, 
  7.00,  -2.03E-011, 
  7.10,  -3.43E-011, 
  7.20,  -1.25E-010, 
  7.30,  -1.27E-010, 
  7.40,  -8.89E-011, 
  7.50,  -6.65E-011, 
  7.60,  -8.96E-011, 
  7.70,  -9.45E-011, 
  7.80,  -1.07E-010, 
  7.90,  -1.13E-010, 
  8.00,  -2.08E-010, 
  8.10,  -2.85E-010, 
  8.20,  -2.82E-010, 
  8.30,  -2.09E-010, 
  8.40,  -2.25E-010, 
  8.50,  -1.51E-010, 
  8.60,  -1.89E-010, 
  8.70,  -1.58E-010, 
  8.80,  -1.53E-010, 
  8.90,  -1.51E-010, 
  9.00,  -1.42E-010, 
  9.10,  -1.82E-010, 
  9.20,  -1.62E-010, 
  9.30,  -1.25E-010, 
  9.40,  -2.45E-010, 
  9.50,  -1.76E-010, 
  9.60,  -1.84E-010, 
  9.70,  -1.79E-010, 
  9.80,  -1.15E-010, 
  9.90,  -1.33E-010, 
 10.00,  -1.22E-010, 
 10.10,  -6.37E-011, 
 10.20,  -3.71E-011, 
 10.30,  -3.78E-011, 
 10.40,  -4.41E-011, 
 10.50,  -1.04E-010, 
 10.60,  -1.12E-010, 
 10.70,  -2.32E-010, 
 10.80,  -3.22E-010, 
 10.90,  -3.77E-010, 
 11.00,  -3.18E-010, 
 11.10,  -1.77E-010, 
 11.20,  -1.81E-010, 
 11.30,  -1.73E-010, 
 11.40,  -1.95E-010, 
 11.50,  -1.55E-010, 
 11.60,  -1.38E-010, 
 11.70,  -4.20E-012, 
 11.80,   2.14E-010, 
 11.90,   4.29E-010, 
 12.00,   5.62E-010, 
 12.10,   5.92E-010, 
 12.20,   5.55E-010, 
 12.30,   4.76E-010, 
 12.40,   2.35E-010, 
 12.50,   7.49E-011, 
 12.60,   2.03E-011, 
 12.70,  -2.03E-011, 
 12.80,   7.00E-012, 
 12.90,   7.28E-011, 
 13.00,   1.37E-010, 
 13.10,   4.45E-010, 
 13.20,   1.12E-009, 
 13.30,   2.22E-009, 
 13.40,   4.85E-009, 
 13.50,   1.17E-008, 
 13.60,   3.44E-008, 
 13.70,   9.25E-008, 
 13.80,   1.56E-007, 
 13.90,   1.88E-007, 
 14.00,   1.90E-007, 
 14.10,   1.91E-007, 
 14.20,   1.60E-007, 
 14.30,   1.22E-007, 
 14.40,   3.26E-008, 
 14.50,   1.02E-008, 
 14.60,   5.16E-009, 
 14.70,   3.21E-009, 
 14.80,   2.54E-009, 
 14.90,   2.22E-009, 
 15.00,   1.91E-009, 
 15.10,   1.89E-009, 
 15.20,   1.92E-009, 
 15.30,   2.05E-009, 
 15.40,   2.61E-009, 
 15.50,   4.55E-009, 
 15.60,   1.06E-008, 
 15.70,   2.53E-008, 
 15.80,   4.49E-008, 
 15.90,   5.99E-008, 
 16.00,   6.27E-008, 
 16.10,   6.32E-008, 
 16.20,   5.44E-008, 
 16.30,   4.31E-008, 
 16.40,   1.75E-008, 
 16.50,   8.35E-009, 
 16.60,   8.25E-009, 
 16.70,   1.36E-008, 
 16.80,   2.24E-008, 
 16.90,   3.13E-008, 
 17.00,   3.42E-008, 
 17.10,   3.54E-008, 
 17.20,   3.25E-008, 
 17.30,   2.87E-008, 
 17.40,   1.66E-008, 
 17.50,   1.33E-008, 
 17.60,   2.62E-008, 
 17.70,   6.26E-008, 
 17.80,   1.08E-007, 
 17.90,   1.41E-007, 
 18.00,   1.42E-007, 
 18.10,   1.47E-007, 
 18.20,   1.24E-007, 
 18.30,   1.03E-007, 
 18.40,   3.40E-008, 
 18.50,   1.04E-008, 
 18.60,   5.10E-009, 
 18.70,   2.89E-009, 
 18.80,   1.90E-009, 
 18.90,   1.35E-009, 
 19.00,   1.03E-009, 
 19.10,   5.20E-010, 
 19.20,   6.03E-010, 
 19.30,   6.13E-010, 
 19.40,   5.35E-010, 
 19.50,   5.05E-010, 
 19.60,   1.12E-009, 
 19.70,   1.78E-009, 
 19.80,   2.75E-009, 
 19.90,   3.81E-009, 
 20.00,   4.37E-009, 
 20.10,   4.77E-009, 
 20.20,   4.48E-009, 
 20.30,   3.94E-009, 
 20.40,   2.30E-009, 
 20.50,   1.21E-009, 
 20.60,   2.98E-010, 
 20.70,   1.63E-010, 
 20.80,   1.36E-010, 
 20.90,   9.80E-012, 
 21.00,  -1.54E-011, 
 21.10,  -8.40E-011, 
 21.20,   4.90E-012, 
 21.30,  -8.19E-011, 
 21.40,  -3.29E-011, 
 21.50,  -6.58E-011, 
 21.60,  -5.81E-011, 
 21.70,   7.21E-011, 
 21.80,  -3.50E-012, 
 21.90,  -4.90E-011, 
 22.00,  -7.49E-011, 
 22.10,  -1.16E-010, 
 22.20,  -7.00E-011, 
 22.30,  -1.21E-010, 
 22.40,  -6.44E-011, 
 22.50,  -4.76E-011, 
 22.60,  -4.27E-011, 
 22.70,  -1.32E-010, 
 22.80,  -1.82E-010, 
 22.90,  -1.48E-010, 
 23.00,  -1.61E-011, 
 23.10,  -8.96E-011, 
 23.20,  -5.25E-011, 
 23.30,  -5.67E-011, 
 23.40,  -2.36E-010, 
 23.50,  -2.40E-010, 
 23.60,  -1.49E-010, 
 23.70,  -9.66E-011, 
 23.80,  -4.69E-011, 
 23.90,  -7.63E-011, 
 24.00,  -1.06E-010, 
 24.10,  -8.05E-011, 
 24.20,  -9.66E-011, 
 24.30,  -1.72E-010, 
 24.40,  -2.06E-010, 
 24.50,  -1.75E-010, 
 24.60,  -1.53E-010, 
 24.70,  -1.50E-010, 
 24.80,  -1.33E-010, 
 24.90,  -2.07E-010, 
 25.00,  -1.89E-010, 
 25.10,  -1.62E-010, 
 25.20,  -7.70E-012, 
 25.30,   8.05E-011, 
 25.40,   2.87E-011, 
 25.50,  -2.87E-011, 
 25.60,   5.25E-011, 
 25.70,   5.95E-011, 
 25.80,   1.34E-010, 
 25.90,   2.57E-010, 
 26.00,   3.56E-010, 
 26.10,   4.03E-010, 
 26.20,   4.90E-010, 
 26.30,   6.00E-010, 
 26.40,   5.37E-010, 
 26.50,   6.30E-010, 
 26.60,   9.78E-010, 
 26.70,   1.58E-009, 
 26.80,   2.17E-009, 
 26.90,   3.49E-009, 
 27.00,   6.03E-009, 
 27.10,   1.06E-008, 
 27.20,   2.13E-008, 
 27.30,   5.60E-008, 
 27.40,   1.39E-007, 
 27.50,   2.86E-007, 
 27.60,   7.35E-007, 
 27.70,   1.47E-006, 
 27.80,   2.17E-006, 
 27.90,   2.81E-006, 
 28.00,   2.79E-006, 
 28.10,   2.91E-006, 
 28.20,   2.42E-006, 
 28.30,   2.12E-006, 
 28.40,   3.57E-007, 
 28.50,   3.05E-008, 
 28.60,   1.36E-008, 
 28.70,   1.19E-008, 
 28.80,   1.41E-008, 
 28.90,   1.82E-008, 
 29.00,   2.06E-008, 
 29.10,   2.15E-008, 
 29.20,   2.06E-008, 
 29.30,   1.88E-008, 
 29.40,   1.16E-008, 
 29.50,   5.25E-009, 
 29.60,   2.88E-009, 
 29.70,   1.96E-009, 
 29.80,   1.42E-009, 
 29.90,   1.08E-009, 
 30.00,   6.50E-010, 
 30.10,   5.44E-010, 
 30.20,   5.50E-010, 
 30.30,   4.64E-010, 
 30.40,   3.66E-010, 
 30.50,   3.13E-010, 
 30.60,   4.10E-010, 
 30.70,   5.54E-010, 
 30.80,   1.04E-009, 
 30.90,   1.32E-009, 
 31.00,   1.73E-009, 
 31.10,   2.74E-009, 
 31.20,   5.02E-009, 
 31.30,   1.09E-008, 
 31.40,   2.58E-008, 
 31.50,   5.98E-008, 
 31.60,   1.61E-007, 
 31.70,   3.31E-007, 
 31.80,   4.89E-007, 
 31.90,   6.24E-007, 
 32.00,   6.02E-007, 
 32.10,   6.31E-007, 
 32.20,   5.26E-007, 
 32.30,   4.53E-007, 
 32.40,   9.12E-008, 
 32.50,   1.63E-008, 
 32.60,   7.21E-009, 
 32.70,   3.97E-009, 
 32.80,   2.61E-009, 
 32.90,   1.90E-009, 
 33.00,   1.55E-009, 
 33.10,   1.34E-009, 
 33.20,   1.21E-009, 
 33.30,   1.12E-009, 
 33.40,   5.12E-010, 
 33.50,   5.23E-010, 
 33.60,   5.62E-010, 
 33.70,   8.84E-010, 
 33.80,   1.40E-009, 
 33.90,   1.91E-009, 
 34.00,   7.34E-010, 
 34.10,   7.73E-010, 
 34.20,   1.27E-009, 
 34.30,   1.02E-009, 
 34.40,   3.89E-010, 
 34.50,   2.04E-010, 
 34.60,   2.27E-010, 
 34.70,   1.67E-010, 
 34.80,   1.16E-010, 
 34.90,   7.63E-011, 
 35.00,   1.54E-010, 
 35.10,   9.03E-011, 
 35.20,   3.71E-011, 
 35.30,   8.40E-012, 
 35.40,  -3.64E-011, 
 35.50,  -1.11E-010, 
 35.60,  -9.80E-011, 
 35.70,  -1.20E-010, 
 35.80,  -7.35E-011, 
 35.90,  -3.57E-011, 
 36.00,   7.28E-011, 
 36.10,   1.28E-010, 
 36.20,   9.17E-011, 
 36.30,   2.59E-011, 
 36.40,  -4.06E-011, 
 36.50,  -3.64E-011, 
 36.60,   5.25E-011, 
 36.70,   3.36E-011, 
 36.80,   8.61E-011, 
 36.90,   2.10E-011, 
 37.00,  -2.73E-011, 
 37.10,   4.20E-011, 
 37.20,   4.34E-011, 
 37.30,   1.89E-011, 
 37.40,   1.18E-010, 
 37.50,   1.02E-010, 
 37.60,   7.56E-011, 
 37.70,   1.74E-010, 
 37.80,   5.81E-011, 
 37.90,   7.77E-011, 
 38.00,   1.66E-010, 
 38.10,   1.87E-010, 
 38.20,   2.00E-010, 
 38.30,   1.60E-010, 
 38.40,   6.16E-011, 
 38.50,   1.29E-010, 
 38.60,   1.20E-010, 
 38.70,   2.00E-010, 
 38.80,   2.33E-010, 
 38.90,   4.22E-010, 
 39.00,   4.85E-010, 
 39.10,   6.09E-010, 
 39.20,   6.23E-010, 
 39.30,   9.59E-010, 
 39.40,   1.39E-009, 
 39.50,   1.48E-009, 
 39.60,   2.40E-009, 
 39.70,   4.86E-009, 
 39.80,   8.71E-009, 
 39.90,   1.31E-008, 
 40.00,   1.54E-008, 
 40.10,   1.61E-008, 
 40.20,   1.53E-008, 
 40.30,   1.41E-008, 
 40.40,   8.40E-009, 
 40.50,   4.00E-009, 
 40.60,   2.16E-009, 
 40.70,   1.34E-009, 
 40.80,   8.21E-010, 
 40.90,   6.74E-010, 
 41.00,   1.07E-009, 
 41.10,   1.21E-009, 
 41.20,   1.09E-009, 
 41.30,   1.09E-009, 
 41.40,   1.03E-009, 
 41.50,   4.05E-010, 
 41.60,   3.75E-010, 
 41.70,   3.30E-010, 
 41.80,   3.94E-010, 
 41.90,   4.19E-010, 
 42.00,   4.01E-010, 
 42.10,   4.42E-010, 
 42.20,   5.63E-010, 
 42.30,   5.64E-010, 
 42.40,   4.16E-010, 
 42.50,   2.91E-010, 
 42.60,   2.28E-010, 
 42.70,   2.51E-010, 
 42.80,   3.61E-010, 
 42.90,   5.49E-010, 
 43.00,   7.65E-010, 
 43.10,   1.25E-009, 
 43.20,   1.19E-009, 
 43.30,   1.22E-009, 
 43.40,   1.12E-009, 
 43.50,   5.08E-010, 
 43.60,   5.98E-010, 
 43.70,   1.42E-009, 
 43.80,   2.25E-009, 
 43.90,   3.20E-009, 
 44.00,   4.07E-009, 
 44.10,   4.34E-009, 
 44.20,   4.50E-009, 
 44.30,   4.37E-009, 
 44.40,   3.56E-009, 
 44.50,   2.04E-009, 
 44.60,   1.08E-009, 
 44.70,   4.09E-010, 
 44.80,   3.97E-010, 
 44.90,   5.18E-010, 
 45.00,   4.78E-010, 
 45.10,   3.78E-010, 
 45.20,   2.99E-010, 
 45.30,   2.78E-010, 
 45.40,   3.00E-010, 
 45.50,   2.41E-010, 
 45.60,   1.83E-010, 
 45.70,   1.27E-010, 
 45.80,   8.68E-011, 
 45.90,   1.21E-010, 
 46.00,   1.69E-010, 
 46.10,   1.74E-010, 
 46.20,   1.07E-010, 
 46.30,   1.13E-010, 
 46.40,   1.43E-010, 
 46.50,   1.65E-010, 
 46.60,   6.79E-011, 
 46.70,   5.67E-011, 
 46.80,   2.10E-012, 
 46.90,  -2.31E-011, 
 47.00,   2.38E-011, 
 47.10,  -5.25E-011, 
 47.20,  -7.28E-011, 
 47.30,  -5.67E-011, 
 47.40,  -2.52E-011, 
 47.50,   2.94E-011, 
 47.60,  -7.00E-012, 
 47.70,   3.64E-011, 
 47.80,   5.60E-011, 
 47.90,  -7.00E-013, 
 48.00,  -5.88E-011, 
 48.10,  -9.87E-011, 
 48.20,  -1.62E-010, 
 48.30,  -1.32E-010, 
 48.40,   1.33E-011, 
 48.50,   8.47E-011, 
 48.60,   7.00E-011, 
 48.70,   7.14E-011, 
 48.80,   8.89E-011, 
 48.90,   1.16E-010, 
 49.00,   6.65E-011, 
 49.10,  -2.03E-011, 
 49.20,   4.20E-011, 
 49.30,   2.10E-011, 
 49.40,  -1.33E-011, 
 49.50,  -5.53E-011, 
 49.60,  -6.30E-012, 
 49.70,   5.60E-012, 
 49.80,   1.27E-010, 
 49.90,   1.41E-010, 
 50.00,   1.72E-010, 
 50.10,   1.96E-010, 
 50.20,   1.90E-010, 
 50.30,   1.29E-010, 
 50.40,   1.48E-010, 
 50.50,   1.20E-010, 
 50.60,   4.20E-011, 
 50.70,  -3.08E-011, 
 50.80,   1.61E-011, 
 50.90,   1.18E-010, 
 51.00,   2.47E-010, 
 51.10,   2.73E-010, 
 51.20,   2.33E-010, 
 51.30,   1.59E-010, 
 51.40,   1.70E-010, 
 51.50,   2.21E-010, 
 51.60,   1.32E-010, 
 51.70,   1.38E-010, 
 51.80,   1.87E-010, 
 51.90,   1.80E-010, 
 52.00,   1.82E-010, 
 52.10,   2.63E-010, 
 52.20,   2.18E-010, 
 52.30,   2.44E-010, 
 52.40,   2.72E-010, 
 52.50,   1.51E-010, 
 52.60,   1.02E-010, 
 52.70,   1.49E-010, 
 52.80,   2.00E-010, 
 52.90,   1.13E-010, 
 53.00,   2.13E-010, 
 53.10,   2.10E-010, 
 53.20,   2.52E-010, 
 53.30,   3.15E-010, 
 53.40,   2.78E-010, 
 53.50,   2.10E-010, 
 53.60,   1.23E-010, 
 53.70,   4.20E-012, 
 53.80,   1.67E-010, 
 53.90,   2.46E-010, 
 54.00,   2.22E-010, 
 54.10,   1.89E-010, 
 54.20,   1.00E-010, 
 54.30,   8.75E-011, 
 54.40,   2.24E-011, 
 54.50,   1.45E-010, 
 54.60,   1.65E-010, 
 54.70,   1.58E-010, 
 54.80,   2.23E-010, 
 54.90,   2.85E-010, 
 55.00,   2.99E-010, 
 55.10,   4.04E-010, 
 55.20,   5.45E-010, 
 55.30,   4.95E-010, 
 55.40,   5.37E-010, 
 55.50,   5.37E-010, 
 55.60,   3.76E-010, 
 55.70,   2.51E-010, 
 55.80,   3.71E-011, 
 55.90,   1.13E-010, 
 56.00,   1.81E-010, 
 56.10,   2.77E-010, 
 56.20,   3.87E-010, 
 56.30,   4.56E-010, 
 56.40,   4.29E-010, 
 56.50,   4.06E-010, 
 56.60,   2.82E-010, 
 56.70,   2.32E-010, 
 56.80,   1.95E-010, 
 56.90,   3.26E-010, 
 57.00,   3.85E-010, 
 57.10,   5.03E-010, 
 57.20,   6.04E-010, 
 57.30,   7.08E-010, 
 57.40,   7.39E-010, 
 57.50,   5.54E-010, 
 57.60,   3.41E-010, 
 57.70,   2.95E-010, 
 57.80,   2.35E-010, 
 57.90,   2.39E-010, 
 58.00,   2.49E-010, 
 58.10,   3.06E-010, 
 58.20,   3.05E-010, 
 58.30,   1.82E-010, 
 58.40,   1.95E-010, 
 58.50,   2.58E-010, 
 58.60,   2.84E-010, 
 58.70,   3.54E-010, 
 58.80,   2.61E-010, 
 58.90,   2.53E-010, 
 59.00,   2.24E-010, 
 59.10,   2.56E-010, 
 59.20,   2.58E-010, 
 59.30,   2.29E-010, 
 59.40,   1.73E-010, 
 59.50,   1.23E-010, 
 59.60,   7.07E-011, 
 59.70,   1.72E-010, 
 59.80,   1.66E-010, 
 59.90,   2.77E-010, 
 60.00,   1.27E-010, 
 60.10,   6.09E-011, 
 60.20,   1.48E-010, 
 60.30,   2.63E-010, 
 60.40,   2.96E-010, 
 60.50,   2.93E-010, 
 60.60,   3.70E-010, 
 60.70,   2.91E-010, 
 60.80,   2.83E-010, 
 60.90,   2.30E-010, 
 61.00,   2.69E-010, 
 61.10,   3.09E-010, 
 61.20,   1.90E-010, 
 61.30,   1.34E-010, 
 61.40,   2.43E-010, 
 61.50,   2.66E-010, 
 61.60,   2.42E-010, 
 61.70,   2.22E-010, 
 61.80,   2.23E-010, 
 61.90,   2.89E-010, 
 62.00,   3.47E-010, 
 62.10,   3.91E-010, 
 62.20,   4.38E-010, 
 62.30,   3.47E-010, 
 62.40,   2.55E-010, 
 62.50,   1.78E-010, 
 62.60,   2.04E-010, 
 62.70,   2.21E-010, 
 62.80,   2.12E-010, 
 62.90,   2.40E-010, 
 63.00,   1.76E-010, 
 63.10,   2.56E-010, 
 63.20,   3.52E-010, 
 63.30,   4.26E-010, 
 63.40,   3.36E-010, 
 63.50,   1.84E-010, 
 63.60,   1.95E-010, 
 63.70,   1.08E-010, 
 63.80,   1.23E-010, 
 63.90,   3.85E-011, 
 64.00,   1.05E-010, 
 64.10,   1.15E-010, 
 64.20,   1.31E-010, 
 64.30,   1.74E-010, 
 64.40,   1.05E-010, 
 64.50,   1.78E-010, 
 64.60,   2.16E-010, 
 64.70,   2.26E-010, 
 64.80,   2.31E-010, 
 64.90,   1.72E-010, 
 65.00,   2.29E-010, 
