  1.00,   4.40E-009, 
  1.10,   5.22E-009, 
  1.20,   7.81E-009, 
  1.30,   1.76E-008, 
  1.40,   2.40E-008, 
  1.50,   2.10E-008, 
  1.60,   1.87E-008, 
  1.70,   1.65E-008, 
  1.80,   1.69E-008, 
  1.90,   1.82E-008, 
  2.00,   1.93E-008, 
  2.10,   1.84E-008, 
  2.20,   1.71E-008, 
  2.30,   1.46E-008, 
  2.40,   1.09E-008, 
  2.50,   5.34E-009, 
  2.60,   2.68E-009, 
  2.70,   1.39E-009, 
  2.80,   4.49E-010, 
  2.90,   8.68E-011, 
  3.00,   1.54E-011, 
  3.10,   7.00E-013, 
  3.20,  -4.83E-011, 
  3.30,  -3.29E-011, 
  3.40,  -1.54E-011, 
  3.50,  -2.38E-011, 
  3.60,  -6.58E-011, 
  3.70,  -1.51E-010, 
  3.80,  -2.14E-010, 
  3.90,  -2.99E-010, 
  4.00,  -3.73E-010, 
  4.10,  -3.95E-010, 
  4.20,  -2.61E-010, 
  4.30,  -2.58E-010, 
  4.40,  -3.26E-010, 
  4.50,  -2.81E-010, 
  4.60,  -3.03E-010, 
  4.70,  -3.04E-010, 
  4.80,  -3.47E-010, 
  4.90,  -4.01E-010, 
  5.00,  -3.28E-010, 
  5.10,  -3.98E-010, 
  5.20,  -3.91E-010, 
  5.30,  -3.29E-010, 
  5.40,  -2.71E-010, 
  5.50,  -3.26E-010, 
  5.60,  -3.11E-010, 
  5.70,  -3.24E-010, 
  5.80,  -3.85E-010, 
  5.90,  -3.91E-010, 
  6.00,  -4.32E-010, 
  6.10,  -4.10E-010, 
  6.20,  -3.28E-010, 
  6.30,  -3.14E-010, 
  6.40,  -3.29E-010, 
  6.50,  -4.16E-010, 
  6.60,  -4.59E-010, 
  6.70,  -3.44E-010, 
  6.80,  -3.57E-010, 
  6.90,  -3.31E-010, 
  7.00,  -2.37E-010, 
  7.10,  -2.62E-010, 
  7.20,  -3.37E-010, 
  7.30,  -2.46E-010, 
  7.40,  -2.00E-010, 
  7.50,  -2.32E-010, 
  7.60,  -2.07E-010, 
  7.70,  -3.34E-010, 
  7.80,  -3.66E-010, 
  7.90,  -2.81E-010, 
  8.00,  -3.13E-010, 
  8.10,  -2.37E-010, 
  8.20,  -2.37E-010, 
  8.30,  -2.80E-010, 
  8.40,  -2.46E-010, 
  8.50,  -2.42E-010, 
  8.60,  -3.21E-010, 
  8.70,  -3.59E-010, 
  8.80,  -3.66E-010, 
  8.90,  -3.42E-010, 
  9.00,  -4.23E-010, 
  9.10,  -4.31E-010, 
  9.20,  -3.59E-010, 
  9.30,  -3.56E-010, 
  9.40,  -3.52E-010, 
  9.50,  -4.12E-010, 
  9.60,  -2.55E-010, 
  9.70,  -2.61E-010, 
  9.80,  -2.28E-010, 
  9.90,  -1.81E-010, 
 10.00,  -2.42E-010, 
 10.10,  -2.99E-010, 
 10.20,  -3.74E-010, 
 10.30,  -3.81E-010, 
 10.40,  -4.26E-010, 
 10.50,  -3.52E-010, 
 10.60,  -2.96E-010, 
 10.70,  -2.39E-010, 
 10.80,  -3.09E-010, 
 10.90,  -2.89E-010, 
 11.00,  -2.51E-010, 
 11.10,  -1.90E-010, 
 11.20,  -2.39E-010, 
 11.30,  -2.78E-010, 
 11.40,  -2.02E-010, 
 11.50,  -2.38E-010, 
 11.60,  -2.56E-010, 
 11.70,  -9.17E-011, 
 11.80,   7.84E-011, 
 11.90,   1.74E-010, 
 12.00,   3.07E-010, 
 12.10,   4.25E-010, 
 12.20,   4.23E-010, 
 12.30,   4.38E-010, 
 12.40,   2.05E-010, 
 12.50,   5.04E-011, 
 12.60,  -7.84E-011, 
 12.70,  -5.60E-011, 
 12.80,   9.73E-011, 
 12.90,   7.00E-011, 
 13.00,   1.49E-010, 
 13.10,   2.93E-010, 
 13.20,   5.34E-010, 
 13.30,   1.51E-009, 
 13.40,   2.90E-009, 
 13.50,   6.83E-009, 
 13.60,   1.91E-008, 
 13.70,   5.47E-008, 
 13.80,   1.10E-007, 
 13.90,   1.47E-007, 
 14.00,   1.51E-007, 
 14.10,   1.54E-007, 
 14.20,   1.33E-007, 
 14.30,   1.12E-007, 
 14.40,   4.64E-008, 
 14.50,   1.24E-008, 
 14.60,   5.79E-009, 
 14.70,   3.37E-009, 
 14.80,   2.47E-009, 
 14.90,   2.15E-009, 
 15.00,   2.08E-009, 
 15.10,   2.15E-009, 
 15.20,   2.05E-009, 
 15.30,   2.18E-009, 
 15.40,   2.31E-009, 
 15.50,   3.02E-009, 
 15.60,   6.41E-009, 
 15.70,   1.52E-008, 
 15.80,   3.02E-008, 
 15.90,   4.48E-008, 
 16.00,   4.98E-008, 
 16.10,   5.17E-008, 
 16.20,   4.71E-008, 
 16.30,   4.03E-008, 
 16.40,   2.18E-008, 
 16.50,   9.34E-009, 
 16.60,   7.79E-009, 
 16.70,   1.19E-008, 
 16.80,   2.11E-008, 
 16.90,   3.22E-008, 
 17.00,   3.72E-008, 
 17.10,   3.84E-008, 
 17.20,   3.65E-008, 
 17.30,   3.27E-008, 
 17.40,   2.22E-008, 
 17.50,   1.42E-008, 
 17.60,   2.26E-008, 
 17.70,   5.64E-008, 
 17.80,   1.07E-007, 
 17.90,   1.52E-007, 
 18.00,   1.60E-007, 
 18.10,   1.65E-007, 
 18.20,   1.49E-007, 
 18.30,   1.27E-007, 
 18.40,   6.39E-008, 
 18.50,   1.48E-008, 
 18.60,   6.44E-009, 
 18.70,   3.49E-009, 
 18.80,   2.25E-009, 
 18.90,   1.67E-009, 
 19.00,   1.51E-009, 
 19.10,   1.68E-009, 
 19.20,   2.38E-009, 
 19.30,   4.39E-009, 
 19.40,   9.08E-009, 
 19.50,   2.19E-008, 
 19.60,   7.11E-008, 
 19.70,   1.65E-007, 
 19.80,   2.57E-007, 
 19.90,   3.36E-007, 
 20.00,   3.26E-007, 
 20.10,   3.50E-007, 
 20.20,   2.91E-007, 
 20.30,   2.52E-007, 
 20.40,   7.80E-008, 
 20.50,   1.48E-008, 
 20.60,   6.36E-009, 
 20.70,   3.42E-009, 
 20.80,   2.08E-009, 
 20.90,   1.35E-009, 
 21.00,   5.85E-010, 
 21.10,   2.16E-010, 
 21.20,   1.38E-010, 
 21.30,   1.02E-010, 
 21.40,   1.03E-010, 
 21.50,   1.17E-010, 
 21.60,   1.87E-010, 
 21.70,   2.14E-010, 
 21.80,   1.20E-010, 
 21.90,   6.65E-011, 
 22.00,   1.03E-010, 
 22.10,   1.63E-010, 
 22.20,   1.38E-010, 
 22.30,  -6.51E-011, 
 22.40,  -1.97E-010, 
 22.50,  -2.94E-010, 
 22.60,  -2.32E-010, 
 22.70,  -1.68E-010, 
 22.80,  -9.03E-011, 
 22.90,  -2.02E-010, 
 23.00,  -1.31E-010, 
 23.10,  -1.46E-010, 
 23.20,  -1.80E-010, 
 23.30,  -2.52E-010, 
 23.40,  -1.95E-010, 
 23.50,  -2.93E-010, 
 23.60,  -1.47E-010, 
 23.70,  -1.03E-010, 
 23.80,  -1.85E-010, 
 23.90,  -2.30E-010, 
 24.00,  -2.19E-010, 
 24.10,  -2.26E-010, 
 24.20,  -2.28E-010, 
 24.30,  -1.86E-010, 
 24.40,  -2.04E-010, 
 24.50,  -2.11E-010, 
 24.60,  -2.49E-010, 
 24.70,  -2.24E-010, 
 24.80,  -9.66E-011, 
 24.90,  -7.14E-011, 
 25.00,  -1.03E-010, 
 25.10,  -6.58E-011, 
 25.20,  -6.37E-011, 
 25.30,  -7.70E-012, 
 25.40,  -3.15E-011, 
 25.50,  -6.93E-011, 
 25.60,   7.00E-013, 
 25.70,   8.05E-011, 
 25.80,   2.30E-010, 
 25.90,   3.56E-010, 
 26.00,   6.21E-010, 
 26.10,   1.07E-009, 
 26.20,   8.98E-010, 
 26.30,   6.27E-010, 
 26.40,   8.04E-010, 
 26.50,   6.90E-010, 
 26.60,   3.99E-010, 
 26.70,   1.03E-009, 
 26.80,   1.75E-009, 
 26.90,   2.82E-009, 
 27.00,   4.52E-009, 
 27.10,   7.58E-009, 
 27.20,   1.34E-008, 
 27.30,   2.98E-008, 
 27.40,   7.11E-008, 
 27.50,   1.56E-007, 
 27.60,   3.66E-007, 
 27.70,   8.78E-007, 
 27.80,   1.49E-006, 
 27.90,   2.12E-006, 
 28.00,   2.33E-006, 
 28.10,   2.33E-006, 
 28.20,   2.25E-006, 
 28.30,   1.93E-006, 
 28.40,   1.05E-006, 
 28.50,   7.53E-008, 
 28.60,   1.79E-008, 
 28.70,   1.11E-008, 
 28.80,   1.13E-008, 
 28.90,   1.41E-008, 
 29.00,   1.74E-008, 
 29.10,   1.85E-008, 
 29.20,   1.88E-008, 
 29.30,   1.72E-008, 
 29.40,   1.42E-008, 
 29.50,   7.33E-009, 
 29.60,   3.56E-009, 
 29.70,   1.98E-009, 
 29.80,   1.19E-009, 
 29.90,   9.85E-010, 
 30.00,   9.45E-010, 
 30.10,   6.68E-010, 
 30.20,   4.42E-010, 
 30.30,   4.37E-010, 
 30.40,   5.50E-010, 
 30.50,   3.32E-010, 
 30.60,   2.15E-010, 
 30.70,   2.26E-010, 
 30.80,   4.80E-010, 
 30.90,   8.21E-010, 
 31.00,   1.40E-009, 
 31.10,   1.79E-009, 
 31.20,   2.86E-009, 
 31.30,   5.69E-009, 
 31.40,   1.18E-008, 
 31.50,   2.52E-008, 
 31.60,   6.37E-008, 
 31.70,   1.69E-007, 
 31.80,   3.02E-007, 
 31.90,   4.39E-007, 
 32.00,   4.83E-007, 
 32.10,   4.83E-007, 
 32.20,   4.60E-007, 
 32.30,   4.05E-007, 
 32.40,   2.38E-007, 
 32.50,   3.39E-008, 
 32.60,   1.06E-008, 
 32.70,   5.26E-009, 
 32.80,   3.22E-009, 
 32.90,   2.14E-009, 
 33.00,   1.58E-009, 
 33.10,   1.39E-009, 
 33.20,   1.21E-009, 
 33.30,   9.92E-010, 
 33.40,   4.92E-010, 
 33.50,   4.22E-010, 
 33.60,   3.42E-010, 
 33.70,   3.74E-010, 
 33.80,   9.61E-010, 
 33.90,   1.37E-009, 
 34.00,   1.69E-009, 
 34.10,   1.75E-009, 
 34.20,   1.92E-009, 
 34.30,   1.77E-009, 
 34.40,   1.53E-009, 
 34.50,   5.95E-010, 
 34.60,   1.51E-010, 
 34.70,   3.22E-011, 
 34.80,  -2.45E-011, 
 34.90,  -6.23E-011, 
 35.00,  -2.10E-011, 
 35.10,   3.08E-011, 
 35.20,   1.68E-011, 
 35.30,   5.74E-011, 
 35.40,   1.37E-010, 
 35.50,   3.02E-010, 
 35.60,   9.20E-010, 
 35.70,   2.02E-009, 
 35.80,   3.74E-009, 
 35.90,   6.44E-009, 
 36.00,   8.89E-009, 
 36.10,   9.93E-009, 
 36.20,   1.04E-008, 
 36.30,   9.81E-009, 
 36.40,   8.23E-009, 
 36.50,   4.48E-009, 
 36.60,   2.31E-009, 
 36.70,   1.19E-009, 
 36.80,   5.17E-010, 
 36.90,   2.02E-010, 
 37.00,   1.88E-010, 
 37.10,   1.03E-010, 
 37.20,   3.08E-011, 
 37.30,  -2.87E-011, 
 37.40,   4.27E-011, 
 37.50,   1.99E-010, 
 37.60,   3.09E-010, 
 37.70,   5.29E-010, 
 37.80,   1.25E-009, 
 37.90,   1.60E-009, 
 38.00,   1.91E-009, 
 38.10,   2.23E-009, 
 38.20,   2.44E-009, 
 38.30,   2.40E-009, 
 38.40,   2.32E-009, 
 38.50,   1.83E-009, 
 38.60,   1.69E-009, 
 38.70,   1.99E-009, 
 38.80,   3.02E-009, 
 38.90,   5.30E-009, 
 39.00,   1.01E-008, 
 39.10,   1.67E-008, 
 39.20,   2.89E-008, 
 39.30,   5.92E-008, 
 39.40,   1.16E-007, 
 39.50,   2.19E-007, 
 39.60,   4.92E-007, 
 39.70,   1.07E-006, 
 39.80,   1.86E-006, 
 39.90,   2.84E-006, 
 40.00,   3.14E-006, 
 40.10,   3.23E-006, 
 40.20,   2.99E-006, 
 40.30,   2.66E-006, 
 40.40,   1.47E-006, 
 40.50,   1.12E-007, 
 40.60,   1.93E-008, 
 40.70,   8.61E-009, 
 40.80,   5.04E-009, 
 40.90,   3.87E-009, 
 41.00,   3.47E-009, 
 41.10,   3.44E-009, 
 41.20,   3.31E-009, 
 41.30,   3.17E-009, 
 41.40,   2.90E-009, 
 41.50,   2.32E-009, 
 41.60,   1.50E-009, 
 41.70,   1.05E-009, 
 41.80,   4.56E-010, 
 41.90,   4.32E-010, 
 42.00,   6.66E-010, 
 42.10,   1.09E-009, 
 42.20,   1.01E-009, 
 42.30,   9.80E-010, 
 42.40,   1.02E-009, 
 42.50,   8.03E-010, 
 42.60,   1.65E-010, 
 42.70,   2.15E-010, 
 42.80,   3.37E-010, 
 42.90,   5.52E-010, 
 43.00,   1.40E-009, 
 43.10,   1.72E-009, 
 43.20,   1.92E-009, 
 43.30,   2.13E-009, 
 43.40,   2.16E-009, 
 43.50,   1.85E-009, 
 43.60,   1.45E-009, 
 43.70,   1.31E-009, 
 43.80,   1.85E-009, 
 43.90,   3.05E-009, 
 44.00,   4.71E-009, 
 44.10,   5.66E-009, 
 44.20,   6.28E-009, 
 44.30,   6.30E-009, 
 44.40,   5.96E-009, 
 44.50,   4.21E-009, 
 44.60,   2.10E-009, 
 44.70,   1.25E-009, 
 44.80,   8.24E-010, 
 44.90,   1.94E-010, 
 45.00,   3.24E-010, 
 45.10,   5.43E-010, 
 45.20,   5.54E-010, 
 45.30,   5.28E-010, 
 45.40,   4.96E-010, 
 45.50,   4.45E-010, 
 45.60,   2.30E-010, 
 45.70,   1.36E-010, 
 45.80,   1.96E-010, 
 45.90,   4.34E-011, 
 46.00,   3.71E-011, 
 46.10,   3.22E-011, 
 46.20,   3.22E-011, 
 46.30,  -1.47E-011, 
 46.40,   1.12E-011, 
 46.50,  -6.93E-011, 
 46.60,  -1.28E-010, 
 46.70,  -1.60E-010, 
 46.80,  -1.76E-010, 
 46.90,  -1.04E-010, 
 47.00,  -4.83E-011, 
 47.10,  -1.54E-011, 
 47.20,  -8.75E-011, 
 47.30,  -2.45E-011, 
 47.40,  -3.15E-011, 
 47.50,  -4.83E-011, 
 47.60,  -1.34E-010, 
 47.70,  -6.09E-011, 
 47.80,  -7.35E-011, 
 47.90,  -1.53E-010, 
 48.00,  -1.91E-010, 
 48.10,  -1.37E-010, 
 48.20,  -6.72E-011, 
 48.30,  -5.81E-011, 
 48.40,  -9.80E-011, 
 48.50,  -1.39E-010, 
 48.60,  -1.72E-010, 
 48.70,  -2.08E-010, 
 48.80,  -1.23E-010, 
 48.90,   3.64E-011, 
 49.00,   1.13E-010, 
 49.10,   6.23E-011, 
 49.20,   6.65E-011, 
 49.30,   8.40E-011, 
 49.40,   9.10E-012, 
 49.50,  -1.33E-011, 
 49.60,  -1.29E-010, 
 49.70,   4.27E-011, 
 49.80,   6.23E-011, 
 49.90,   5.53E-011, 
 50.00,   2.12E-010, 
 50.10,   3.34E-010, 
 50.20,   3.68E-010, 
 50.30,   5.97E-010, 
 50.40,   6.16E-010, 
 50.50,   5.87E-010, 
 50.60,   4.62E-010, 
 50.70,   2.39E-010, 
 50.80,   2.35E-010, 
 50.90,   2.88E-010, 
 51.00,   3.68E-010, 
 51.10,   4.45E-010, 
 51.20,   5.04E-010, 
 51.30,   4.97E-010, 
 51.40,   5.91E-010, 
 51.50,   6.25E-010, 
 51.60,   5.67E-010, 
 51.70,   4.44E-010, 
 51.80,   2.58E-010, 
 51.90,   2.48E-010, 
 52.00,   2.01E-010, 
 52.10,   1.41E-010, 
 52.20,   2.48E-010, 
 52.30,   3.45E-010, 
 52.40,   4.15E-010, 
 52.50,   3.96E-010, 
 52.60,   3.19E-010, 
 52.70,   2.07E-010, 
 52.80,   2.28E-010, 
 52.90,   2.50E-010, 
 53.00,   3.44E-010, 
 53.10,   3.81E-010, 
 53.20,   5.12E-010, 
 53.30,   5.94E-010, 
 53.40,   5.64E-010, 
 53.50,   5.38E-010, 
 53.60,   5.46E-010, 
 53.70,   4.04E-010, 
 53.80,   2.63E-010, 
 53.90,   2.99E-010, 
 54.00,   2.98E-010, 
 54.10,   3.53E-010, 
 54.20,   4.08E-010, 
 54.30,   4.01E-010, 
 54.40,   4.73E-010, 
 54.50,   4.37E-010, 
 54.60,   3.73E-010, 
 54.70,   2.64E-010, 
 54.80,   2.25E-010, 
 54.90,   3.89E-010, 
 55.00,   5.14E-010, 
 55.10,   9.19E-010, 
 55.20,   1.39E-009, 
 55.30,   1.38E-009, 
 55.40,   1.40E-009, 
 55.50,   1.33E-009, 
 55.60,   1.28E-009, 
 55.70,   7.04E-010, 
 55.80,   3.65E-010, 
 55.90,   4.64E-010, 
 56.00,   5.06E-010, 
 56.10,   6.23E-010, 
 56.20,   6.92E-010, 
 56.30,   9.77E-010, 
 56.40,   1.36E-009, 
 56.50,   1.17E-009, 
 56.60,   9.85E-010, 
 56.70,   4.29E-010, 
 56.80,   4.82E-010, 
 56.90,   5.97E-010, 
 57.00,   7.49E-010, 
 57.10,   1.24E-009, 
 57.20,   1.46E-009, 
 57.30,   1.69E-009, 
 57.40,   1.78E-009, 
 57.50,   1.77E-009, 
 57.60,   1.69E-009, 
 57.70,   1.25E-009, 
 57.80,   7.04E-010, 
 57.90,   4.46E-010, 
 58.00,   4.73E-010, 
 58.10,   6.41E-010, 
 58.20,   6.54E-010, 
 58.30,   5.71E-010, 
 58.40,   6.61E-010, 
 58.50,   6.25E-010, 
 58.60,   5.06E-010, 
 58.70,   3.00E-010, 
 58.80,   2.87E-010, 
 58.90,   2.80E-010, 
 59.00,   1.72E-010, 
 59.10,   1.18E-010, 
 59.20,   3.24E-010, 
 59.30,   4.05E-010, 
 59.40,   3.84E-010, 
 59.50,   3.64E-010, 
 59.60,   3.00E-010, 
 59.70,   2.42E-010, 
 59.80,   2.24E-010, 
 59.90,   3.38E-010, 
 60.00,   2.99E-010, 
 60.10,   3.31E-010, 
 60.20,   2.55E-010, 
 60.30,   3.36E-010, 
 60.40,   3.59E-010, 
 60.50,   4.22E-010, 
 60.60,   4.43E-010, 
 60.70,   4.92E-010, 
 60.80,   3.50E-010, 
 60.90,   2.23E-010, 
 61.00,   2.93E-010, 
 61.10,   3.57E-010, 
 61.20,   2.31E-010, 
 61.30,   1.34E-010, 
 61.40,   1.83E-010, 
 61.50,   1.79E-010, 
 61.60,   2.86E-010, 
 61.70,   2.89E-010, 
 61.80,   1.65E-010, 
 61.90,   1.46E-010, 
 62.00,   2.09E-010, 
 62.10,   2.63E-010, 
 62.20,   3.44E-010, 
 62.30,   3.62E-010, 
 62.40,   3.14E-010, 
 62.50,   2.39E-010, 
 62.60,   2.93E-010, 
 62.70,   2.46E-010, 
 62.80,   2.62E-010, 
 62.90,   1.55E-010, 
 63.00,   1.58E-010, 
 63.10,   1.92E-010, 
 63.20,   3.49E-010, 
 63.30,   4.38E-010, 
 63.40,   4.30E-010, 
 63.50,   2.97E-010, 
 63.60,   2.98E-010, 
 63.70,   3.12E-010, 
 63.80,   2.58E-010, 
 63.90,   2.96E-010, 
 64.00,   3.05E-010, 
 64.10,   2.07E-010, 
 64.20,   2.57E-010, 
 64.30,   2.48E-010, 
 64.40,   2.42E-010, 
 64.50,   2.24E-010, 
 64.60,   2.30E-010, 
 64.70,   2.60E-010, 
 64.80,   3.36E-010, 
 64.90,   3.72E-010, 
 65.00,   3.88E-010, 
