  1.00,   1.19E-010, 
  1.10,   1.45E-010, 
  1.20,   1.12E-009, 
  1.30,   7.14E-009, 
  1.40,   1.19E-008, 
  1.50,   8.43E-009, 
  1.60,   7.28E-009, 
  1.70,   7.93E-009, 
  1.80,   1.00E-008, 
  1.90,   1.24E-008, 
  2.00,   1.40E-008, 
  2.10,   1.45E-008, 
  2.20,   1.39E-008, 
  2.30,   1.24E-008, 
  2.40,   9.48E-009, 
  2.50,   4.92E-009, 
  2.60,   2.43E-009, 
  2.70,   1.23E-009, 
  2.80,   3.43E-010, 
  2.90,   1.76E-010, 
  3.00,   1.31E-010, 
  3.10,   6.72E-011, 
  3.20,  -1.61E-011, 
  3.30,  -4.20E-011, 
  3.40,  -8.26E-011, 
  3.50,  -1.30E-010, 
  3.60,  -1.41E-010, 
  3.70,  -1.07E-010, 
  3.80,  -5.53E-011, 
  3.90,  -1.33E-011, 
  4.00,  -3.29E-011, 
  4.10,  -1.05E-010, 
  4.20,  -9.03E-011, 
  4.30,  -8.68E-011, 
  4.40,  -4.83E-011, 
  4.50,  -9.94E-011, 
  4.60,  -1.03E-010, 
  4.70,  -1.47E-010, 
  4.80,  -1.51E-010, 
  4.90,  -2.80E-012, 
  5.00,   6.30E-012, 
  5.10,  -5.18E-011, 
  5.20,  -7.07E-011, 
  5.30,   8.40E-012, 
  5.40,  -6.65E-011, 
  5.50,  -5.74E-011, 
  5.60,  -4.62E-011, 
  5.70,  -6.93E-011, 
  5.80,  -1.55E-010, 
  5.90,  -1.72E-010, 
  6.00,  -1.58E-010, 
  6.10,  -2.02E-010, 
  6.20,  -1.13E-010, 
  6.30,  -9.87E-011, 
  6.40,  -9.17E-011, 
  6.50,  -1.00E-010, 
  6.60,  -1.00E-010, 
  6.70,  -1.74E-010, 
  6.80,  -1.90E-010, 
  6.90,  -1.64E-010, 
  7.00,  -1.83E-010, 
  7.10,  -1.35E-010, 
  7.20,  -1.35E-010, 
  7.30,  -9.10E-011, 
  7.40,  -1.27E-010, 
  7.50,  -1.96E-010, 
  7.60,  -1.39E-010, 
  7.70,  -1.48E-010, 
  7.80,  -1.45E-010, 
  7.90,  -4.34E-011, 
  8.00,  -3.92E-011, 
  8.10,  -1.84E-010, 
  8.20,  -1.17E-010, 
  8.30,  -1.28E-010, 
  8.40,  -1.20E-010, 
  8.50,  -7.70E-011, 
  8.60,  -8.75E-011, 
  8.70,  -1.70E-010, 
  8.80,  -2.24E-010, 
  8.90,  -2.11E-010, 
  9.00,  -3.41E-010, 
  9.10,  -2.83E-010, 
  9.20,  -3.18E-010, 
  9.30,  -2.16E-010, 
  9.40,  -1.18E-010, 
  9.50,   9.10E-012, 
  9.60,   2.52E-011, 
  9.70,  -5.74E-011, 
  9.80,  -8.33E-011, 
  9.90,  -1.67E-010, 
 10.00,  -1.71E-010, 
 10.10,  -1.32E-010, 
 10.20,  -2.04E-010, 
 10.30,  -1.69E-010, 
 10.40,  -1.20E-010, 
 10.50,  -5.60E-011, 
 10.60,  -5.11E-011, 
 10.70,  -6.30E-012, 
 10.80,  -2.87E-011, 
 10.90,  -7.00E-011, 
 11.00,  -1.62E-010, 
 11.10,  -1.20E-010, 
 11.20,  -2.31E-011, 
 11.30,  -6.23E-011, 
 11.40,  -5.74E-011, 
 11.50,  -1.20E-010, 
 11.60,  -7.14E-011, 
 11.70,  -4.55E-011, 
 11.80,  -8.40E-012, 
 11.90,   6.58E-011, 
 12.00,   1.74E-010, 
 12.10,   3.26E-010, 
 12.20,   3.29E-010, 
 12.30,   2.78E-010, 
 12.40,   1.86E-010, 
 12.50,   3.50E-012, 
 12.60,  -1.82E-011, 
 12.70,  -9.10E-011, 
 12.80,  -1.29E-010, 
 12.90,  -1.11E-010, 
 13.00,  -8.54E-011, 
 13.10,  -7.91E-011, 
 13.20,  -9.73E-011, 
 13.30,  -3.85E-011, 
 13.40,  -1.82E-011, 
 13.50,  -1.16E-010, 
 13.60,  -1.29E-010, 
 13.70,  -6.44E-011, 
 13.80,   1.54E-011, 
 13.90,   8.40E-011, 
 14.00,   3.15E-010, 
 14.10,   3.63E-010, 
 14.20,   3.93E-010, 
 14.30,   3.52E-010, 
 14.40,   2.44E-010, 
 14.50,   1.72E-010, 
 14.60,   1.02E-010, 
 14.70,   6.09E-011, 
 14.80,   1.49E-010, 
 14.90,   3.14E-010, 
 15.00,   4.58E-010, 
 15.10,   5.57E-010, 
 15.20,   5.39E-010, 
 15.30,   6.21E-010, 
 15.40,   5.17E-010, 
 15.50,   3.50E-010, 
 15.60,   4.94E-010, 
 15.70,   1.04E-009, 
 15.80,   1.77E-009, 
 15.90,   2.33E-009, 
 16.00,   2.75E-009, 
 16.10,   3.02E-009, 
 16.20,   3.15E-009, 
 16.30,   3.08E-009, 
 16.40,   2.62E-009, 
 16.50,   2.47E-009, 
 16.60,   3.78E-009, 
 16.70,   8.43E-009, 
 16.80,   1.64E-008, 
 16.90,   2.51E-008, 
 17.00,   2.97E-008, 
 17.10,   3.10E-008, 
 17.20,   3.00E-008, 
 17.30,   2.68E-008, 
 17.40,   1.84E-008, 
 17.50,   1.18E-008, 
 17.60,   1.68E-008, 
 17.70,   4.01E-008, 
 17.80,   8.04E-008, 
 17.90,   1.12E-007, 
 18.00,   1.21E-007, 
 18.10,   1.22E-007, 
 18.20,   1.12E-007, 
 18.30,   9.57E-008, 
 18.40,   5.00E-008, 
 18.50,   1.31E-008, 
 18.60,   5.86E-009, 
 18.70,   3.15E-009, 
 18.80,   1.88E-009, 
 18.90,   1.32E-009, 
 19.00,   7.84E-010, 
 19.10,   4.71E-010, 
 19.20,   3.89E-010, 
 19.30,   3.41E-010, 
 19.40,   3.90E-010, 
 19.50,   2.24E-010, 
 19.60,   1.15E-010, 
 19.70,   1.83E-010, 
 19.80,   1.51E-010, 
 19.90,   1.86E-010, 
 20.00,   2.03E-010, 
 20.10,   1.31E-010, 
 20.20,   1.46E-010, 
 20.30,   1.86E-010, 
 20.40,   1.63E-010, 
 20.50,   1.18E-010, 
 20.60,   1.00E-010, 
 20.70,   1.10E-010, 
 20.80,   1.26E-010, 
 20.90,   1.31E-010, 
 21.00,   5.88E-011, 
 21.10,  -5.53E-011, 
 21.20,  -1.32E-010, 
 21.30,  -1.00E-010, 
 21.40,  -8.19E-011, 
 21.50,  -1.18E-010, 
 21.60,  -9.10E-011, 
 21.70,  -1.20E-010, 
 21.80,  -2.42E-010, 
 21.90,  -2.00E-010, 
 22.00,  -1.67E-010, 
 22.10,  -1.07E-010, 
 22.20,  -7.28E-011, 
 22.30,  -1.30E-010, 
 22.40,  -2.52E-011, 
 22.50,  -4.90E-012, 
 22.60,   2.31E-011, 
 22.70,  -2.94E-011, 
 22.80,  -1.44E-010, 
 22.90,  -1.47E-010, 
 23.00,  -1.93E-010, 
 23.10,  -1.86E-010, 
 23.20,  -1.17E-010, 
 23.30,  -5.04E-011, 
 23.40,   5.88E-011, 
 23.50,   4.06E-011, 
 23.60,   2.10E-011, 
 23.70,  -1.26E-011, 
 23.80,  -1.54E-011, 
 23.90,  -5.67E-011, 
 24.00,  -4.06E-011, 
 24.10,  -3.57E-011, 
 24.20,  -4.97E-011, 
 24.30,  -5.25E-011, 
 24.40,  -1.04E-010, 
 24.50,  -1.52E-010, 
 24.60,  -1.64E-010, 
 24.70,  -1.12E-010, 
 24.80,  -1.04E-010, 
 24.90,  -9.38E-011, 
 25.00,  -2.17E-011, 
 25.10,   3.57E-011, 
 25.20,   1.89E-011, 
 25.30,  -1.40E-012, 
 25.40,   2.94E-011, 
 25.50,   2.87E-011, 
 25.60,  -1.26E-011, 
 25.70,   7.49E-011, 
 25.80,   1.95E-010, 
 25.90,   1.79E-010, 
 26.00,   2.56E-010, 
 26.10,   3.24E-010, 
 26.20,   3.33E-010, 
 26.30,   2.28E-010, 
 26.40,   1.55E-010, 
 26.50,   1.06E-010, 
 26.60,   9.80E-012, 
 26.70,   1.73E-010, 
 26.80,   3.05E-010, 
 26.90,   5.33E-010, 
 27.00,   6.08E-010, 
 27.10,   7.16E-010, 
 27.20,   8.54E-010, 
 27.30,   1.21E-009, 
 27.40,   1.02E-009, 
 27.50,   4.50E-010, 
 27.60,   6.46E-010, 
 27.70,   1.79E-009, 
 27.80,   2.99E-009, 
 27.90,   4.57E-009, 
 28.00,   5.96E-009, 
 28.10,   6.71E-009, 
 28.20,   7.09E-009, 
 28.30,   6.69E-009, 
 28.40,   5.59E-009, 
 28.50,   3.07E-009, 
 28.60,   1.65E-009, 
 28.70,   7.56E-010, 
 28.80,   5.13E-010, 
 28.90,   7.17E-010, 
 29.00,   1.28E-009, 
 29.10,   1.27E-009, 
 29.20,   1.26E-009, 
 29.30,   1.23E-009, 
 29.40,   1.01E-009, 
 29.50,   3.64E-010, 
 29.60,   1.93E-010, 
 29.70,   1.75E-010, 
 29.80,   2.56E-010, 
 29.90,   1.38E-010, 
 30.00,   1.88E-010, 
 30.10,   2.24E-010, 
 30.20,   2.44E-010, 
 30.30,   2.39E-010, 
 30.40,   2.81E-010, 
 30.50,   1.86E-010, 
 30.60,   1.16E-010, 
 30.70,   5.04E-011, 
 30.80,   1.11E-010, 
 30.90,   8.54E-011, 
 31.00,   3.22E-011, 
 31.10,   6.37E-011, 
 31.20,   7.00E-012, 
 31.30,   3.50E-012, 
 31.40,   7.35E-011, 
 31.50,   8.47E-011, 
 31.60,   1.38E-010, 
 31.70,   3.97E-010, 
 31.80,   8.30E-010, 
 31.90,   1.66E-009, 
 32.00,   1.89E-009, 
 32.10,   2.08E-009, 
 32.20,   2.26E-009, 
 32.30,   2.21E-009, 
 32.40,   1.96E-009, 
 32.50,   1.04E-009, 
 32.60,   2.73E-010, 
 32.70,   1.89E-010, 
 32.80,   1.32E-010, 
 32.90,   5.81E-011, 
 33.00,   3.50E-012, 
 33.10,  -5.11E-011, 
 33.20,   7.00E-013, 
 33.30,   3.50E-012, 
 33.40,  -7.49E-011, 
 33.50,  -3.85E-011, 
 33.60,  -9.10E-011, 
 33.70,  -3.01E-011, 
 33.80,   3.71E-011, 
 33.90,   3.78E-011, 
 34.00,   1.58E-010, 
 34.10,   1.32E-010, 
 34.20,   3.50E-012, 
 34.30,  -1.89E-011, 
 34.40,  -8.75E-011, 
 34.50,  -8.96E-011, 
 34.60,  -7.28E-011, 
 34.70,  -4.90E-011, 
 34.80,  -8.61E-011, 
 34.90,  -1.20E-010, 
 35.00,  -1.88E-010, 
 35.10,  -1.23E-010, 
 35.20,  -1.29E-010, 
 35.30,  -9.10E-012, 
 35.40,   1.82E-011, 
 35.50,   3.78E-011, 
 35.60,   1.31E-010, 
 35.70,   1.06E-010, 
 35.80,   1.52E-010, 
 35.90,   1.72E-010, 
 36.00,   1.01E-010, 
 36.10,   9.38E-011, 
 36.20,   1.19E-010, 
 36.30,   8.05E-011, 
 36.40,   6.09E-011, 
 36.50,   1.28E-010, 
 36.60,   1.07E-010, 
 36.70,   1.05E-010, 
 36.80,   4.06E-011, 
 36.90,   4.06E-011, 
 37.00,   7.56E-011, 
 37.10,   4.41E-011, 
 37.20,   1.56E-010, 
 37.30,   2.23E-010, 
 37.40,   2.61E-010, 
 37.50,   1.39E-010, 
 37.60,   1.42E-010, 
 37.70,   1.34E-010, 
 37.80,   1.83E-010, 
 37.90,   2.11E-010, 
 38.00,   2.37E-010, 
 38.10,   2.73E-010, 
 38.20,   2.82E-010, 
 38.30,   2.49E-010, 
 38.40,   2.03E-010, 
 38.50,   9.59E-011, 
 38.60,   1.07E-010, 
 38.70,   1.82E-010, 
 38.80,   2.13E-010, 
 38.90,   4.44E-010, 
 39.00,   5.24E-010, 
 39.10,   6.00E-010, 
 39.20,   6.68E-010, 
 39.30,   7.54E-010, 
 39.40,   7.02E-010, 
 39.50,   5.10E-010, 
 39.60,   4.09E-010, 
 39.70,   2.06E-010, 
 39.80,   1.50E-010, 
 39.90,   2.15E-010, 
 40.00,   3.75E-010, 
 40.10,   3.68E-010, 
 40.20,   2.69E-010, 
 40.30,   3.25E-010, 
 40.40,   2.75E-010, 
 40.50,   2.88E-010, 
 40.60,   1.93E-010, 
 40.70,   1.46E-010, 
 40.80,   3.00E-010, 
 40.90,   5.67E-010, 
 41.00,   1.18E-009, 
 41.10,   1.49E-009, 
 41.20,   1.47E-009, 
 41.30,   1.49E-009, 
 41.40,   1.46E-009, 
 41.50,   9.50E-010, 
 41.60,   4.17E-010, 
 41.70,   2.79E-010, 
 41.80,   2.77E-010, 
 41.90,   3.59E-010, 
 42.00,   4.45E-010, 
 42.10,   5.29E-010, 
 42.20,   5.81E-010, 
 42.30,   5.69E-010, 
 42.40,   6.49E-010, 
 42.50,   5.36E-010, 
 42.60,   4.00E-010, 
 42.70,   3.08E-010, 
 42.80,   4.87E-010, 
 42.90,   7.82E-010, 
 43.00,   1.31E-009, 
 43.10,   1.42E-009, 
 43.20,   1.53E-009, 
 43.30,   1.52E-009, 
 43.40,   1.53E-009, 
 43.50,   1.28E-009, 
 43.60,   5.09E-010, 
 43.70,   4.54E-010, 
 43.80,   8.46E-010, 
 43.90,   1.60E-009, 
 44.00,   2.08E-009, 
 44.10,   2.50E-009, 
 44.20,   2.80E-009, 
 44.30,   2.74E-009, 
 44.40,   2.51E-009, 
 44.50,   1.92E-009, 
 44.60,   1.09E-009, 
 44.70,   4.00E-010, 
 44.80,   3.37E-010, 
 44.90,   2.60E-010, 
 45.00,   2.39E-010, 
 45.10,   2.72E-010, 
 45.20,   4.16E-010, 
 45.30,   4.54E-010, 
 45.40,   4.03E-010, 
 45.50,   2.82E-010, 
 45.60,   2.30E-010, 
 45.70,   1.97E-010, 
 45.80,   1.88E-010, 
 45.90,   2.15E-010, 
 46.00,   1.13E-010, 
 46.10,   1.79E-010, 
 46.20,   1.55E-010, 
 46.30,   1.33E-010, 
 46.40,   2.00E-010, 
 46.50,   2.24E-010, 
 46.60,   2.77E-010, 
 46.70,   2.49E-010, 
 46.80,   1.84E-010, 
 46.90,   8.89E-011, 
 47.00,   1.32E-010, 
 47.10,   1.34E-010, 
 47.20,   1.39E-010, 
 47.30,   7.35E-011, 
 47.40,   7.77E-011, 
 47.50,   1.42E-010, 
 47.60,   4.62E-011, 
 47.70,   1.40E-011, 
 47.80,  -2.17E-011, 
 47.90,   1.39E-010, 
 48.00,   1.06E-010, 
 48.10,   1.32E-010, 
 48.20,   1.14E-010, 
 48.30,   1.18E-010, 
 48.40,   1.31E-010, 
 48.50,   1.94E-010, 
 48.60,   2.06E-010, 
 48.70,   9.80E-011, 
 48.80,   8.26E-011, 
 48.90,   1.08E-010, 
 49.00,   1.30E-010, 
 49.10,   9.24E-011, 
 49.20,   3.36E-011, 
 49.30,   8.40E-012, 
 49.40,   6.58E-011, 
 49.50,   1.42E-010, 
 49.60,   1.18E-010, 
 49.70,   8.05E-011, 
 49.80,   1.56E-010, 
 49.90,   1.16E-010, 
 50.00,   9.52E-011, 
 50.10,   2.30E-010, 
 50.20,   3.38E-010, 
 50.30,   4.03E-010, 
 50.40,   4.24E-010, 
 50.50,   4.61E-010, 
 50.60,   2.76E-010, 
 50.70,   1.93E-010, 
 50.80,   2.39E-010, 
 50.90,   2.37E-010, 
 51.00,   3.19E-010, 
 51.10,   2.61E-010, 
 51.20,   3.69E-010, 
 51.30,   3.77E-010, 
 51.40,   3.49E-010, 
 51.50,   3.82E-010, 
 51.60,   3.49E-010, 
 51.70,   3.75E-010, 
 51.80,   3.43E-010, 
 51.90,   2.69E-010, 
 52.00,   2.37E-010, 
 52.10,   2.93E-010, 
 52.20,   3.76E-010, 
 52.30,   3.38E-010, 
 52.40,   2.75E-010, 
 52.50,   2.94E-010, 
 52.60,   2.90E-010, 
 52.70,   1.55E-010, 
 52.80,   5.74E-011, 
 52.90,   1.31E-010, 
 53.00,   1.91E-010, 
 53.10,   3.00E-010, 
 53.20,   3.89E-010, 
 53.30,   3.42E-010, 
 53.40,   3.33E-010, 
 53.50,   3.78E-010, 
 53.60,   3.34E-010, 
 53.70,   3.91E-010, 
 53.80,   2.89E-010, 
 53.90,   2.09E-010, 
 54.00,   1.83E-010, 
 54.10,   1.81E-010, 
 54.20,   2.92E-010, 
 54.30,   3.07E-010, 
 54.40,   3.75E-010, 
 54.50,   2.37E-010, 
 54.60,   2.57E-010, 
 54.70,   2.39E-010, 
 54.80,   1.93E-010, 
 54.90,   1.72E-010, 
 55.00,   2.02E-010, 
 55.10,   3.31E-010, 
 55.20,   4.85E-010, 
 55.30,   6.39E-010, 
 55.40,   7.33E-010, 
 55.50,   8.07E-010, 
 55.60,   7.63E-010, 
 55.70,   5.64E-010, 
 55.80,   3.89E-010, 
 55.90,   3.11E-010, 
 56.00,   3.56E-010, 
 56.10,   5.17E-010, 
 56.20,   5.58E-010, 
 56.30,   6.34E-010, 
 56.40,   5.85E-010, 
 56.50,   5.60E-010, 
 56.60,   6.16E-010, 
 56.70,   4.74E-010, 
 56.80,   2.89E-010, 
 56.90,   3.03E-010, 
 57.00,   3.75E-010, 
 57.10,   5.64E-010, 
 57.20,   7.59E-010, 
 57.30,   8.18E-010, 
 57.40,   1.10E-009, 
 57.50,   1.21E-009, 
 57.60,   7.73E-010, 
 57.70,   4.71E-010, 
 57.80,   3.56E-010, 
 57.90,   3.28E-010, 
 58.00,   2.43E-010, 
 58.10,   2.14E-010, 
 58.20,   2.99E-010, 
 58.30,   3.07E-010, 
 58.40,   2.88E-010, 
 58.50,   2.02E-010, 
 58.60,   1.74E-010, 
 58.70,   1.11E-010, 
 58.80,   9.94E-011, 
 58.90,   1.51E-010, 
 59.00,   2.04E-010, 
 59.10,   5.04E-011, 
 59.20,   2.87E-011, 
 59.30,   9.10E-012, 
 59.40,   1.46E-010, 
 59.50,   2.53E-010, 
 59.60,   3.17E-010, 
 59.70,   2.58E-010, 
 59.80,   2.45E-010, 
 59.90,   1.76E-010, 
 60.00,   2.11E-010, 
 60.10,   2.21E-010, 
 60.20,   1.99E-010, 
 60.30,   2.31E-010, 
 60.40,   2.41E-010, 
 60.50,   2.36E-010, 
 60.60,   2.80E-010, 
 60.70,   2.45E-010, 
 60.80,   1.67E-010, 
 60.90,   1.38E-010, 
 61.00,   1.07E-010, 
 61.10,   9.24E-011, 
 61.20,   1.44E-010, 
 61.30,   1.64E-010, 
 61.40,   2.42E-010, 
 61.50,   2.02E-010, 
 61.60,   2.11E-010, 
 61.70,   1.32E-010, 
 61.80,   3.50E-011, 
 61.90,   1.11E-010, 
 62.00,   2.64E-010, 
 62.10,   2.76E-010, 
 62.20,   2.98E-010, 
 62.30,   2.37E-010, 
 62.40,   2.81E-010, 
 62.50,   3.04E-010, 
 62.60,   2.82E-010, 
 62.70,   2.53E-010, 
 62.80,   2.56E-010, 
 62.90,   3.85E-010, 
 63.00,   3.00E-010, 
 63.10,   3.21E-010, 
 63.20,   2.19E-010, 
 63.30,   2.49E-010, 
 63.40,   3.14E-010, 
 63.50,   3.01E-010, 
 63.60,   3.03E-010, 
 63.70,   2.98E-010, 
 63.80,   3.55E-010, 
 63.90,   3.98E-010, 
 64.00,   3.39E-010, 
 64.10,   3.08E-010, 
 64.20,   3.23E-010, 
 64.30,   2.79E-010, 
 64.40,   2.30E-010, 
 64.50,   2.60E-010, 
 64.60,   2.01E-010, 
 64.70,   1.62E-010, 
 64.80,   1.97E-010, 
 64.90,   1.93E-010, 
 65.00,   2.41E-010, 
