  1.00,   4.31E-010, 
  1.10,   3.75E-010, 
  1.20,   1.18E-009, 
  1.30,   7.74E-009, 
  1.40,   1.70E-008, 
  1.50,   1.46E-008, 
  1.60,   1.28E-008, 
  1.70,   1.48E-008, 
  1.80,   1.97E-008, 
  1.90,   2.49E-008, 
  2.00,   2.71E-008, 
  2.10,   2.81E-008, 
  2.20,   2.59E-008, 
  2.30,   2.33E-008, 
  2.40,   1.85E-008, 
  2.50,   9.73E-009, 
  2.60,   4.31E-009, 
  2.70,   2.15E-009, 
  2.80,   1.18E-009, 
  2.90,   3.49E-010, 
  3.00,   1.81E-010, 
  3.10,   9.38E-011, 
  3.20,  -2.66E-011, 
  3.30,  -3.50E-012, 
  3.40,  -4.20E-011, 
  3.50,  -1.38E-010, 
  3.60,  -2.11E-010, 
  3.70,  -2.03E-010, 
  3.80,  -8.96E-011, 
  3.90,  -1.51E-010, 
  4.00,  -1.86E-010, 
  4.10,  -1.75E-010, 
  4.20,  -1.85E-010, 
  4.30,  -1.87E-010, 
  4.40,  -8.68E-011, 
  4.50,  -9.80E-011, 
  4.60,  -1.45E-010, 
  4.70,  -2.16E-010, 
  4.80,  -2.11E-010, 
  4.90,  -3.09E-010, 
  5.00,  -2.48E-010, 
  5.10,  -3.46E-010, 
  5.20,  -2.25E-010, 
  5.30,  -1.65E-010, 
  5.40,  -1.41E-010, 
  5.50,  -1.01E-010, 
  5.60,  -2.23E-010, 
  5.70,  -1.83E-010, 
  5.80,  -1.34E-010, 
  5.90,  -9.87E-011, 
  6.00,  -1.76E-010, 
  6.10,  -1.37E-010, 
  6.20,  -1.51E-010, 
  6.30,  -2.07E-010, 
  6.40,  -1.66E-010, 
  6.50,  -1.90E-010, 
  6.60,  -1.94E-010, 
  6.70,  -2.40E-010, 
  6.80,  -2.02E-010, 
  6.90,  -2.13E-010, 
  7.00,  -1.75E-010, 
  7.10,  -1.31E-010, 
  7.20,  -1.07E-010, 
  7.30,  -1.84E-010, 
  7.40,  -2.41E-010, 
  7.50,  -2.94E-010, 
  7.60,  -2.94E-010, 
  7.70,  -2.72E-010, 
  7.80,  -3.00E-010, 
  7.90,  -3.01E-010, 
  8.00,  -2.41E-010, 
  8.10,  -2.91E-010, 
  8.20,  -3.68E-010, 
  8.30,  -3.05E-010, 
  8.40,  -3.14E-010, 
  8.50,  -2.39E-010, 
  8.60,  -2.28E-010, 
  8.70,  -9.73E-011, 
  8.80,  -8.89E-011, 
  8.90,  -5.04E-011, 
  9.00,  -1.58E-010, 
  9.10,  -1.34E-010, 
  9.20,  -1.55E-010, 
  9.30,  -2.37E-010, 
  9.40,  -2.77E-010, 
  9.50,  -3.15E-010, 
  9.60,  -3.89E-010, 
  9.70,  -3.74E-010, 
  9.80,  -1.97E-010, 
  9.90,  -2.21E-010, 
 10.00,  -3.17E-010, 
 10.10,  -2.94E-010, 
 10.20,  -2.79E-010, 
 10.30,  -2.56E-010, 
 10.40,  -2.26E-010, 
 10.50,  -2.11E-010, 
 10.60,  -3.18E-010, 
 10.70,  -2.34E-010, 
 10.80,  -1.98E-010, 
 10.90,  -2.46E-010, 
 11.00,  -2.16E-010, 
 11.10,  -2.54E-010, 
 11.20,  -2.91E-010, 
 11.30,  -4.22E-010, 
 11.40,  -3.46E-010, 
 11.50,  -2.09E-010, 
 11.60,  -1.30E-010, 
 11.70,   6.30E-012, 
 11.80,   1.55E-010, 
 11.90,   3.39E-010, 
 12.00,   4.56E-010, 
 12.10,   4.94E-010, 
 12.20,   5.25E-010, 
 12.30,   5.49E-010, 
 12.40,   5.27E-010, 
 12.50,   2.84E-010, 
 12.60,   1.31E-010, 
 12.70,   4.34E-011, 
 12.80,   1.05E-010, 
 12.90,   1.53E-010, 
 13.00,   1.06E-010, 
 13.10,   6.65E-011, 
 13.20,   6.16E-011, 
 13.30,   1.49E-010, 
 13.40,   6.16E-011, 
 13.50,  -1.05E-011, 
 13.60,  -1.04E-010, 
 13.70,  -5.60E-012, 
 13.80,   1.34E-010, 
 13.90,   4.30E-010, 
 14.00,   7.33E-010, 
 14.10,   1.22E-009, 
 14.20,   1.09E-009, 
 14.30,   1.01E-009, 
 14.40,   5.53E-010, 
 14.50,   2.58E-010, 
 14.60,   2.44E-010, 
 14.70,   3.20E-010, 
 14.80,   1.00E-009, 
 14.90,   1.83E-009, 
 15.00,   2.34E-009, 
 15.10,   2.60E-009, 
 15.20,   2.77E-009, 
 15.30,   2.51E-009, 
 15.40,   2.22E-009, 
 15.50,   1.38E-009, 
 15.60,   6.39E-010, 
 15.70,   7.54E-010, 
 15.80,   1.72E-009, 
 15.90,   2.38E-009, 
 16.00,   2.97E-009, 
 16.10,   3.25E-009, 
 16.20,   3.47E-009, 
 16.30,   3.43E-009, 
 16.40,   3.02E-009, 
 16.50,   2.20E-009, 
 16.60,   2.82E-009, 
 16.70,   6.32E-009, 
 16.80,   1.37E-008, 
 16.90,   2.26E-008, 
 17.00,   2.92E-008, 
 17.10,   3.09E-008, 
 17.20,   3.15E-008, 
 17.30,   2.81E-008, 
 17.40,   2.21E-008, 
 17.50,   1.19E-008, 
 17.60,   1.23E-008, 
 17.70,   2.96E-008, 
 17.80,   6.97E-008, 
 17.90,   1.05E-007, 
 18.00,   1.23E-007, 
 18.10,   1.23E-007, 
 18.20,   1.23E-007, 
 18.30,   1.05E-007, 
 18.40,   7.32E-008, 
 18.50,   1.97E-008, 
 18.60,   7.31E-009, 
 18.70,   3.66E-009, 
 18.80,   2.10E-009, 
 18.90,   1.39E-009, 
 19.00,   8.64E-010, 
 19.10,   4.67E-010, 
 19.20,   5.10E-010, 
 19.30,   5.69E-010, 
 19.40,   5.07E-010, 
 19.50,   4.11E-010, 
 19.60,   2.22E-010, 
 19.70,   1.13E-010, 
 19.80,   1.04E-010, 
 19.90,   2.51E-010, 
 20.00,   2.75E-010, 
 20.10,   2.30E-010, 
 20.20,   1.49E-010, 
 20.30,   1.73E-010, 
 20.40,   1.52E-010, 
 20.50,   4.90E-012, 
 20.60,  -8.68E-011, 
 20.70,  -2.11E-010, 
 20.80,  -1.74E-010, 
 20.90,  -1.44E-010, 
 21.00,  -2.00E-010, 
 21.10,  -2.45E-010, 
 21.20,  -2.28E-010, 
 21.30,  -1.55E-010, 
 21.40,  -1.65E-010, 
 21.50,  -1.20E-010, 
 21.60,  -1.10E-010, 
 21.70,  -2.38E-011, 
 21.80,  -2.14E-010, 
 21.90,  -2.96E-010, 
 22.00,  -2.69E-010, 
 22.10,  -2.69E-010, 
 22.20,  -1.99E-010, 
 22.30,  -1.86E-010, 
 22.40,  -1.71E-010, 
 22.50,  -3.02E-010, 
 22.60,  -3.42E-010, 
 22.70,  -2.92E-010, 
 22.80,  -2.92E-010, 
 22.90,  -1.59E-010, 
 23.00,  -1.85E-010, 
 23.10,  -2.41E-010, 
 23.20,  -1.64E-010, 
 23.30,  -2.07E-010, 
 23.40,  -2.98E-010, 
 23.50,  -2.79E-010, 
 23.60,  -2.80E-010, 
 23.70,  -3.06E-010, 
 23.80,  -3.90E-010, 
 23.90,  -3.34E-010, 
 24.00,  -2.21E-010, 
 24.10,  -7.98E-011, 
 24.20,  -8.47E-011, 
 24.30,  -7.84E-011, 
 24.40,  -1.86E-010, 
 24.50,  -1.83E-010, 
 24.60,  -1.58E-010, 
 24.70,  -1.16E-010, 
 24.80,  -1.20E-010, 
 24.90,  -9.59E-011, 
 25.00,  -4.97E-011, 
 25.10,  -3.43E-011, 
 25.20,   5.11E-011, 
 25.30,   1.10E-010, 
 25.40,   1.51E-010, 
 25.50,   6.23E-011, 
 25.60,   4.27E-011, 
 25.70,   9.24E-011, 
 25.80,   2.76E-010, 
 25.90,   7.72E-010, 
 26.00,   1.31E-009, 
 26.10,   1.48E-009, 
 26.20,   1.59E-009, 
 26.30,   1.49E-009, 
 26.40,   1.35E-009, 
 26.50,   8.48E-010, 
 26.60,   3.38E-010, 
 26.70,   6.41E-010, 
 26.80,   1.74E-009, 
 26.90,   2.85E-009, 
 27.00,   4.00E-009, 
 27.10,   5.02E-009, 
 27.20,   5.60E-009, 
 27.30,   5.80E-009, 
 27.40,   5.54E-009, 
 27.50,   4.18E-009, 
 27.60,   2.71E-009, 
 27.70,   2.82E-009, 
 27.80,   4.85E-009, 
 27.90,   7.95E-009, 
 28.00,   1.11E-008, 
 28.10,   1.31E-008, 
 28.20,   1.43E-008, 
 28.30,   1.38E-008, 
 28.40,   1.23E-008, 
 28.50,   7.61E-009, 
 28.60,   3.85E-009, 
 28.70,   2.70E-009, 
 28.80,   3.00E-009, 
 28.90,   4.37E-009, 
 29.00,   6.25E-009, 
 29.10,   7.79E-009, 
 29.20,   8.62E-009, 
 29.30,   8.72E-009, 
 29.40,   8.05E-009, 
 29.50,   5.74E-009, 
 29.60,   2.93E-009, 
 29.70,   1.59E-009, 
 29.80,   1.16E-009, 
 29.90,   1.03E-009, 
 30.00,   1.08E-009, 
 30.10,   1.21E-009, 
 30.20,   1.26E-009, 
 30.30,   1.35E-009, 
 30.40,   1.36E-009, 
 30.50,   1.01E-009, 
 30.60,   2.90E-010, 
 30.70,   1.74E-010, 
 30.80,   2.51E-010, 
 30.90,   5.39E-010, 
 31.00,   1.05E-009, 
 31.10,   1.38E-009, 
 31.20,   1.43E-009, 
 31.30,   1.36E-009, 
 31.40,   1.39E-009, 
 31.50,   9.40E-010, 
 31.60,   5.41E-010, 
 31.70,   5.62E-010, 
 31.80,   1.23E-009, 
 31.90,   1.67E-009, 
 32.00,   2.11E-009, 
 32.10,   2.43E-009, 
 32.20,   2.66E-009, 
 32.30,   2.63E-009, 
 32.40,   2.50E-009, 
 32.50,   1.77E-009, 
 32.60,   8.17E-010, 
 32.70,   3.17E-010, 
 32.80,   2.27E-010, 
 32.90,   1.83E-010, 
 33.00,   2.32E-010, 
 33.10,   3.00E-010, 
 33.20,   2.92E-010, 
 33.30,   2.77E-010, 
 33.40,   2.11E-010, 
 33.50,   1.96E-010, 
 33.60,   1.11E-010, 
 33.70,   1.46E-010, 
 33.80,   9.38E-011, 
 33.90,   2.11E-010, 
 34.00,   3.08E-010, 
 34.10,   2.99E-010, 
 34.20,   3.94E-010, 
 34.30,   2.61E-010, 
 34.40,   1.56E-010, 
 34.50,   1.20E-010, 
 34.60,   1.10E-010, 
 34.70,   7.07E-011, 
 34.80,   4.90E-011, 
 34.90,   3.85E-011, 
 35.00,  -4.48E-011, 
 35.10,   7.77E-011, 
 35.20,   1.44E-010, 
 35.30,   1.32E-010, 
 35.40,   7.21E-011, 
 35.50,   8.40E-012, 
 35.60,   9.87E-011, 
 35.70,   1.32E-010, 
 35.80,   1.68E-011, 
 35.90,   1.15E-010, 
 36.00,   1.88E-010, 
 36.10,   2.88E-010, 
 36.20,   2.61E-010, 
 36.30,   1.80E-010, 
 36.40,   2.51E-010, 
 36.50,   2.35E-010, 
 36.60,   2.14E-010, 
 36.70,   1.82E-010, 
 36.80,   1.32E-010, 
 36.90,   1.64E-010, 
 37.00,   2.93E-010, 
 37.10,   3.26E-010, 
 37.20,   3.08E-010, 
 37.30,   3.31E-010, 
 37.40,   4.33E-010, 
 37.50,   4.12E-010, 
 37.60,   2.78E-010, 
 37.70,   2.20E-010, 
 37.80,   3.09E-010, 
 37.90,   3.97E-010, 
 38.00,   6.70E-010, 
 38.10,   8.29E-010, 
 38.20,   1.16E-009, 
 38.30,   1.26E-009, 
 38.40,   1.15E-009, 
 38.50,   9.80E-010, 
 38.60,   5.41E-010, 
 38.70,   6.09E-010, 
 38.80,   1.34E-009, 
 38.90,   2.26E-009, 
 39.00,   3.36E-009, 
 39.10,   4.50E-009, 
 39.20,   5.17E-009, 
 39.30,   5.43E-009, 
 39.40,   5.30E-009, 
 39.50,   4.54E-009, 
 39.60,   2.87E-009, 
 39.70,   1.61E-009, 
 39.80,   7.77E-010, 
 39.90,   7.47E-010, 
 40.00,   1.27E-009, 
 40.10,   1.67E-009, 
 40.20,   1.61E-009, 
 40.30,   1.55E-009, 
 40.40,   1.61E-009, 
 40.50,   1.53E-009, 
 40.60,   1.13E-009, 
 40.70,   9.12E-010, 
 40.80,   2.36E-009, 
 40.90,   4.59E-009, 
 41.00,   7.52E-009, 
 41.10,   1.06E-008, 
 41.20,   1.24E-008, 
 41.30,   1.35E-008, 
 41.40,   1.30E-008, 
 41.50,   1.13E-008, 
 41.60,   6.65E-009, 
 41.70,   3.39E-009, 
 41.80,   2.29E-009, 
 41.90,   2.27E-009, 
 42.00,   2.56E-009, 
 42.10,   3.12E-009, 
 42.20,   3.62E-009, 
 42.30,   3.81E-009, 
 42.40,   3.79E-009, 
 42.50,   3.58E-009, 
 42.60,   2.73E-009, 
 42.70,   2.08E-009, 
 42.80,   2.35E-009, 
 42.90,   4.00E-009, 
 43.00,   6.87E-009, 
 43.10,   9.93E-009, 
 43.20,   1.18E-008, 
 43.30,   1.28E-008, 
 43.40,   1.25E-008, 
 43.50,   1.11E-008, 
 43.60,   7.06E-009, 
 43.70,   3.94E-009, 
 43.80,   3.01E-009, 
 43.90,   3.43E-009, 
 44.00,   4.32E-009, 
 44.10,   5.62E-009, 
 44.20,   6.39E-009, 
 44.30,   6.86E-009, 
 44.40,   6.61E-009, 
 44.50,   5.74E-009, 
 44.60,   3.60E-009, 
 44.70,   2.18E-009, 
 44.80,   1.68E-009, 
 44.90,   1.80E-009, 
 45.00,   2.48E-009, 
 45.10,   3.33E-009, 
 45.20,   3.80E-009, 
 45.30,   4.18E-009, 
 45.40,   4.00E-009, 
 45.50,   3.74E-009, 
 45.60,   2.65E-009, 
 45.70,   1.61E-009, 
 45.80,   8.40E-010, 
 45.90,   5.55E-010, 
 46.00,   6.29E-010, 
 46.10,   7.92E-010, 
 46.20,   1.22E-009, 
 46.30,   1.24E-009, 
 46.40,   1.12E-009, 
 46.50,   6.71E-010, 
 46.60,   5.28E-010, 
 46.70,   4.64E-010, 
 46.80,   3.74E-010, 
 46.90,   3.71E-010, 
 47.00,   4.43E-010, 
 47.10,   4.81E-010, 
 47.20,   4.40E-010, 
 47.30,   3.99E-010, 
 47.40,   4.56E-010, 
 47.50,   3.54E-010, 
 47.60,   2.77E-010, 
 47.70,   2.40E-010, 
 47.80,   2.09E-010, 
 47.90,   1.77E-010, 
 48.00,   2.32E-010, 
 48.10,   2.75E-010, 
 48.20,   2.52E-010, 
 48.30,   3.78E-010, 
 48.40,   3.56E-010, 
 48.50,   3.90E-010, 
 48.60,   3.72E-010, 
 48.70,   3.62E-010, 
 48.80,   4.05E-010, 
 48.90,   3.89E-010, 
 49.00,   3.75E-010, 
 49.10,   2.21E-010, 
 49.20,   2.28E-010, 
 49.30,   2.96E-010, 
 49.40,   3.38E-010, 
 49.50,   4.03E-010, 
 49.60,   3.82E-010, 
 49.70,   2.90E-010, 
 49.80,   4.59E-010, 
 49.90,   6.53E-010, 
 50.00,   1.08E-009, 
 50.10,   1.53E-009, 
 50.20,   1.68E-009, 
 50.30,   1.95E-009, 
 50.40,   1.96E-009, 
 50.50,   1.80E-009, 
 50.60,   1.41E-009, 
 50.70,   7.15E-010, 
 50.80,   5.12E-010, 
 50.90,   8.82E-010, 
 51.00,   1.18E-009, 
 51.10,   1.39E-009, 
 51.20,   1.62E-009, 
 51.30,   1.71E-009, 
 51.40,   1.93E-009, 
 51.50,   1.84E-009, 
 51.60,   1.50E-009, 
 51.70,   7.23E-010, 
 51.80,   4.90E-010, 
 51.90,   5.85E-010, 
 52.00,   6.32E-010, 
 52.10,   6.91E-010, 
 52.20,   8.33E-010, 
 52.30,   1.22E-009, 
 52.40,   7.17E-010, 
 52.50,   6.80E-010, 
 52.60,   6.04E-010, 
 52.70,   4.37E-010, 
 52.80,   2.89E-010, 
 52.90,   3.81E-010, 
 53.00,   6.53E-010, 
 53.10,   1.29E-009, 
 53.20,   1.42E-009, 
 53.30,   1.57E-009, 
 53.40,   1.60E-009, 
 53.50,   1.56E-009, 
 53.60,   1.30E-009, 
 53.70,   5.11E-010, 
 53.80,   5.36E-010, 
 53.90,   5.15E-010, 
 54.00,   6.37E-010, 
 54.10,   9.93E-010, 
 54.20,   1.28E-009, 
 54.30,   1.34E-009, 
 54.40,   1.38E-009, 
 54.50,   1.35E-009, 
 54.60,   1.28E-009, 
 54.70,   1.02E-009, 
 54.80,   6.20E-010, 
 54.90,   1.31E-009, 
 55.00,   2.20E-009, 
 55.10,   3.74E-009, 
 55.20,   5.17E-009, 
 55.30,   6.17E-009, 
 55.40,   6.90E-009, 
 55.50,   6.68E-009, 
 55.60,   5.66E-009, 
 55.70,   3.53E-009, 
 55.80,   2.15E-009, 
 55.90,   1.69E-009, 
 56.00,   1.85E-009, 
 56.10,   2.38E-009, 
 56.20,   3.15E-009, 
 56.30,   3.68E-009, 
 56.40,   4.16E-009, 
 56.50,   4.12E-009, 
 56.60,   3.72E-009, 
 56.70,   2.70E-009, 
 56.80,   1.94E-009, 
 56.90,   2.15E-009, 
 57.00,   3.25E-009, 
 57.10,   5.27E-009, 
 57.20,   7.33E-009, 
 57.30,   8.99E-009, 
 57.40,   1.03E-008, 
 57.50,   1.00E-008, 
 57.60,   8.96E-009, 
 57.70,   5.85E-009, 
 57.80,   3.19E-009, 
 57.90,   2.04E-009, 
 58.00,   1.53E-009, 
 58.10,   1.35E-009, 
 58.20,   1.44E-009, 
 58.30,   1.60E-009, 
 58.40,   1.73E-009, 
 58.50,   1.64E-009, 
 58.60,   1.46E-009, 
 58.70,   9.48E-010, 
 58.80,   5.36E-010, 
 58.90,   5.36E-010, 
 59.00,   4.90E-010, 
 59.10,   5.01E-010, 
 59.20,   5.83E-010, 
 59.30,   8.13E-010, 
 59.40,   1.19E-009, 
 59.50,   1.08E-009, 
 59.60,   4.92E-010, 
 59.70,   4.24E-010, 
 59.80,   3.92E-010, 
 59.90,   3.60E-010, 
 60.00,   4.03E-010, 
 60.10,   5.06E-010, 
 60.20,   5.13E-010, 
 60.30,   5.88E-010, 
 60.40,   7.69E-010, 
 60.50,   1.14E-009, 
 60.60,   5.20E-010, 
 60.70,   4.62E-010, 
 60.80,   5.00E-010, 
 60.90,   5.21E-010, 
 61.00,   4.53E-010, 
 61.10,   5.29E-010, 
 61.20,   4.55E-010, 
 61.30,   4.63E-010, 
 61.40,   5.55E-010, 
 61.50,   5.41E-010, 
 61.60,   4.70E-010, 
 61.70,   4.08E-010, 
 61.80,   3.18E-010, 
 61.90,   3.05E-010, 
 62.00,   2.28E-010, 
 62.10,   2.37E-010, 
 62.20,   2.59E-010, 
 62.30,   2.71E-010, 
 62.40,   4.36E-010, 
 62.50,   5.15E-010, 
 62.60,   5.35E-010, 
 62.70,   4.96E-010, 
 62.80,   4.49E-010, 
 62.90,   4.48E-010, 
 63.00,   4.89E-010, 
 63.10,   6.41E-010, 
 63.20,   7.04E-010, 
 63.30,   8.61E-010, 
 63.40,   1.24E-009, 
 63.50,   7.76E-010, 
 63.60,   5.43E-010, 
 63.70,   4.81E-010, 
 63.80,   4.41E-010, 
 63.90,   4.73E-010, 
 64.00,   4.94E-010, 
 64.10,   5.44E-010, 
 64.20,   5.46E-010, 
 64.30,   5.69E-010, 
 64.40,   6.46E-010, 
 64.50,   6.46E-010, 
 64.60,   6.30E-010, 
 64.70,   5.60E-010, 
 64.80,   4.74E-010, 
 64.90,   5.47E-010, 
 65.00,   6.13E-010, 
