  1.00,   1.04E-010, 
  1.10,   1.86E-010, 
  1.20,   1.14E-009, 
  1.30,   7.08E-009, 
  1.40,   1.23E-008, 
  1.50,   8.61E-009, 
  1.60,   7.02E-009, 
  1.70,   7.23E-009, 
  1.80,   8.84E-009, 
  1.90,   1.10E-008, 
  2.00,   1.25E-008, 
  2.10,   1.31E-008, 
  2.20,   1.25E-008, 
  2.30,   1.12E-008, 
  2.40,   8.93E-009, 
  2.50,   4.77E-009, 
  2.60,   2.42E-009, 
  2.70,   1.24E-009, 
  2.80,   4.33E-010, 
  2.90,   2.77E-010, 
  3.00,   1.24E-010, 
  3.10,   9.73E-011, 
  3.20,  -2.73E-011, 
  3.30,  -3.50E-012, 
  3.40,   2.87E-011, 
  3.50,   1.89E-011, 
  3.60,  -4.06E-011, 
  3.70,  -1.89E-011, 
  3.80,   4.41E-011, 
  3.90,  -2.80E-011, 
  4.00,   4.27E-011, 
  4.10,   9.94E-011, 
  4.20,   3.36E-011, 
  4.30,  -2.31E-011, 
  4.40,  -8.05E-011, 
  4.50,   2.03E-011, 
  4.60,  -5.74E-011, 
  4.70,  -1.05E-011, 
  4.80,  -7.00E-011, 
  4.90,  -5.67E-011, 
  5.00,  -4.97E-011, 
  5.10,  -2.31E-011, 
  5.20,  -3.50E-011, 
  5.30,  -4.69E-011, 
  5.40,  -1.95E-010, 
  5.50,  -2.02E-010, 
  5.60,  -2.42E-010, 
  5.70,  -1.78E-010, 
  5.80,  -2.20E-010, 
  5.90,  -1.02E-010, 
  6.00,  -1.23E-010, 
  6.10,  -1.02E-010, 
  6.20,  -4.69E-011, 
  6.30,  -1.11E-010, 
  6.40,  -9.17E-011, 
  6.50,  -1.72E-010, 
  6.60,  -1.48E-010, 
  6.70,  -1.58E-010, 
  6.80,  -1.77E-010, 
  6.90,  -1.96E-010, 
  7.00,  -1.83E-010, 
  7.10,  -1.19E-011, 
  7.20,  -3.29E-011, 
  7.30,   1.61E-011, 
  7.40,   1.33E-011, 
  7.50,  -8.33E-011, 
  7.60,  -8.75E-011, 
  7.70,  -7.63E-011, 
  7.80,  -5.67E-011, 
  7.90,  -1.02E-010, 
  8.00,  -1.17E-010, 
  8.10,  -1.94E-010, 
  8.20,  -5.53E-011, 
  8.30,  -5.74E-011, 
  8.40,  -4.97E-011, 
  8.50,  -1.40E-012, 
  8.60,  -4.13E-011, 
  8.70,  -4.97E-011, 
  8.80,  -7.91E-011, 
  8.90,  -6.30E-011, 
  9.00,  -4.27E-011, 
  9.10,  -8.19E-011, 
  9.20,  -1.36E-010, 
  9.30,  -2.11E-010, 
  9.40,  -2.07E-010, 
  9.50,  -1.68E-010, 
  9.60,  -1.62E-010, 
  9.70,  -2.20E-010, 
  9.80,  -1.77E-010, 
  9.90,  -2.23E-010, 
 10.00,  -2.65E-010, 
 10.10,  -1.83E-010, 
 10.20,  -1.57E-010, 
 10.30,  -1.24E-010, 
 10.40,  -1.65E-010, 
 10.50,  -1.80E-010, 
 10.60,  -1.30E-010, 
 10.70,  -1.41E-010, 
 10.80,  -1.65E-010, 
 10.90,  -2.09E-010, 
 11.00,  -8.89E-011, 
 11.10,  -4.27E-011, 
 11.20,   3.99E-011, 
 11.30,  -4.97E-011, 
 11.40,   2.59E-011, 
 11.50,  -2.52E-011, 
 11.60,  -1.15E-010, 
 11.70,  -3.99E-011, 
 11.80,   4.13E-011, 
 11.90,   5.74E-011, 
 12.00,   9.59E-011, 
 12.10,   1.44E-010, 
 12.20,   3.08E-011, 
 12.30,   1.12E-010, 
 12.40,   9.45E-011, 
 12.50,   7.00E-013, 
 12.60,  -1.43E-010, 
 12.70,  -1.18E-010, 
 12.80,  -8.33E-011, 
 12.90,  -2.17E-011, 
 13.00,  -1.05E-010, 
 13.10,  -6.23E-011, 
 13.20,  -3.85E-011, 
 13.30,   4.13E-011, 
 13.40,   4.69E-011, 
 13.50,  -7.00E-012, 
 13.60,   0.00E+000, 
 13.70,   1.42E-010, 
 13.80,   1.50E-010, 
 13.90,   2.69E-010, 
 14.00,   3.28E-010, 
 14.10,   2.96E-010, 
 14.20,   3.35E-010, 
 14.30,   3.75E-010, 
 14.40,   2.61E-010, 
 14.50,   1.64E-010, 
 14.60,   6.23E-011, 
 14.70,   1.10E-010, 
 14.80,   2.40E-010, 
 14.90,   3.35E-010, 
 15.00,   4.04E-010, 
 15.10,   4.44E-010, 
 15.20,   3.99E-010, 
 15.30,   3.95E-010, 
 15.40,   4.22E-010, 
 15.50,   2.48E-010, 
 15.60,   3.37E-010, 
 15.70,   7.51E-010, 
 15.80,   1.64E-009, 
 15.90,   2.23E-009, 
 16.00,   2.75E-009, 
 16.10,   3.00E-009, 
 16.20,   3.05E-009, 
 16.30,   2.93E-009, 
 16.40,   2.59E-009, 
 16.50,   2.32E-009, 
 16.60,   3.57E-009, 
 16.70,   8.00E-009, 
 16.80,   1.54E-008, 
 16.90,   2.39E-008, 
 17.00,   2.90E-008, 
 17.10,   3.03E-008, 
 17.20,   2.95E-008, 
 17.30,   2.65E-008, 
 17.40,   1.88E-008, 
 17.50,   1.14E-008, 
 17.60,   1.54E-008, 
 17.70,   3.72E-008, 
 17.80,   7.57E-008, 
 17.90,   1.09E-007, 
 18.00,   1.20E-007, 
 18.10,   1.20E-007, 
 18.20,   1.12E-007, 
 18.30,   9.73E-008, 
 18.40,   5.40E-008, 
 18.50,   1.37E-008, 
 18.60,   6.00E-009, 
 18.70,   3.38E-009, 
 18.80,   2.14E-009, 
 18.90,   1.46E-009, 
 19.00,   7.95E-010, 
 19.10,   3.63E-010, 
 19.20,   4.03E-010, 
 19.30,   3.55E-010, 
 19.40,   3.79E-010, 
 19.50,   3.45E-010, 
 19.60,   2.94E-010, 
 19.70,   2.00E-010, 
 19.80,   2.60E-010, 
 19.90,   3.11E-010, 
 20.00,   3.60E-010, 
 20.10,   3.26E-010, 
 20.20,   2.61E-010, 
 20.30,   3.12E-010, 
 20.40,   1.74E-010, 
 20.50,   7.63E-011, 
 20.60,  -2.31E-011, 
 20.70,  -4.20E-012, 
 20.80,   3.71E-011, 
 20.90,   2.94E-011, 
 21.00,   4.27E-011, 
 21.10,   6.16E-011, 
 21.20,   3.85E-011, 
 21.30,   1.61E-011, 
 21.40,  -2.80E-011, 
 21.50,  -1.14E-010, 
 21.60,  -1.32E-010, 
 21.70,  -2.73E-011, 
 21.80,  -3.64E-011, 
 21.90,  -4.20E-011, 
 22.00,  -6.86E-011, 
 22.10,  -6.37E-011, 
 22.20,  -7.35E-011, 
 22.30,  -1.34E-010, 
 22.40,  -1.09E-010, 
 22.50,  -4.13E-011, 
 22.60,  -3.36E-011, 
 22.70,  -6.79E-011, 
 22.80,  -7.70E-011, 
 22.90,  -1.15E-010, 
 23.00,  -3.29E-011, 
 23.10,  -8.61E-011, 
 23.20,  -4.69E-011, 
 23.30,  -4.90E-011, 
 23.40,  -3.92E-011, 
 23.50,  -1.40E-012, 
 23.60,   0.00E+000, 
 23.70,  -7.00E-012, 
 23.80,   2.17E-011, 
 23.90,   5.39E-011, 
 24.00,   3.36E-011, 
 24.10,  -1.68E-011, 
 24.20,  -8.33E-011, 
 24.30,  -3.22E-011, 
 24.40,  -6.02E-011, 
 24.50,  -7.56E-011, 
 24.60,  -2.10E-012, 
 24.70,  -2.31E-011, 
 24.80,  -6.44E-011, 
 24.90,  -1.33E-011, 
 25.00,   2.66E-011, 
 25.10,   5.11E-011, 
 25.20,   5.53E-011, 
 25.30,   1.37E-010, 
 25.40,   1.65E-010, 
 25.50,   1.09E-010, 
 25.60,   8.68E-011, 
 25.70,   1.14E-010, 
 25.80,   1.23E-010, 
 25.90,   1.87E-010, 
 26.00,   2.74E-010, 
 26.10,   3.24E-010, 
 26.20,   3.00E-010, 
 26.30,   2.42E-010, 
 26.40,   1.44E-010, 
 26.50,   1.43E-010, 
 26.60,   1.56E-010, 
 26.70,   1.87E-010, 
 26.80,   2.96E-010, 
 26.90,   3.64E-010, 
 27.00,   4.13E-010, 
 27.10,   4.45E-010, 
 27.20,   4.74E-010, 
 27.30,   6.09E-010, 
 27.40,   6.44E-010, 
 27.50,   4.52E-010, 
 27.60,   5.76E-010, 
 27.70,   1.54E-009, 
 27.80,   2.71E-009, 
 27.90,   4.16E-009, 
 28.00,   5.57E-009, 
 28.10,   6.03E-009, 
 28.20,   6.37E-009, 
 28.30,   6.24E-009, 
 28.40,   5.29E-009, 
 28.50,   2.91E-009, 
 28.60,   1.62E-009, 
 28.70,   7.54E-010, 
 28.80,   5.87E-010, 
 28.90,   7.44E-010, 
 29.00,   7.73E-010, 
 29.10,   1.09E-009, 
 29.20,   1.11E-009, 
 29.30,   7.97E-010, 
 29.40,   6.71E-010, 
 29.50,   4.79E-010, 
 29.60,   2.75E-010, 
 29.70,   1.74E-010, 
 29.80,   1.35E-010, 
 29.90,   4.83E-011, 
 30.00,   1.45E-010, 
 30.10,   1.79E-010, 
 30.20,   1.33E-010, 
 30.30,   9.59E-011, 
 30.40,   1.48E-010, 
 30.50,   1.51E-010, 
 30.60,   1.19E-010, 
 30.70,   1.55E-010, 
 30.80,   7.00E-011, 
 30.90,   7.21E-011, 
 31.00,  -4.20E-012, 
 31.10,  -1.05E-011, 
 31.20,   7.42E-011, 
 31.30,   1.69E-010, 
 31.40,   2.96E-010, 
 31.50,   2.09E-010, 
 31.60,   1.44E-010, 
 31.70,   4.30E-010, 
 31.80,   1.04E-009, 
 31.90,   1.69E-009, 
 32.00,   1.88E-009, 
 32.10,   2.08E-009, 
 32.20,   2.20E-009, 
 32.30,   2.07E-009, 
 32.40,   1.68E-009, 
 32.50,   7.90E-010, 
 32.60,   4.40E-010, 
 32.70,   3.53E-010, 
 32.80,   2.73E-010, 
 32.90,   2.28E-010, 
 33.00,   1.88E-010, 
 33.10,   1.51E-010, 
 33.20,   1.55E-010, 
 33.30,   1.69E-010, 
 33.40,   1.58E-010, 
 33.50,   1.97E-010, 
 33.60,   7.84E-011, 
 33.70,   1.38E-010, 
 33.80,   9.38E-011, 
 33.90,   5.46E-011, 
 34.00,   5.39E-011, 
 34.10,   1.41E-010, 
 34.20,   1.18E-010, 
 34.30,   8.19E-011, 
 34.40,   2.80E-011, 
 34.50,   6.23E-011, 
 34.60,  -6.30E-012, 
 34.70,   7.91E-011, 
 34.80,  -2.52E-011, 
 34.90,   4.41E-011, 
 35.00,   4.27E-011, 
 35.10,   8.19E-011, 
 35.20,   1.07E-010, 
 35.30,   1.14E-010, 
 35.40,   1.30E-010, 
 35.50,   6.30E-011, 
 35.60,  -2.17E-011, 
 35.70,   8.96E-011, 
 35.80,   1.01E-010, 
 35.90,   7.98E-011, 
 36.00,   9.31E-011, 
 36.10,   2.32E-010, 
 36.20,   2.25E-010, 
 36.30,   1.71E-010, 
 36.40,   1.50E-010, 
 36.50,   1.88E-010, 
 36.60,   1.41E-010, 
 36.70,   3.92E-011, 
 36.80,   3.22E-011, 
 36.90,   1.10E-010, 
 37.00,   4.83E-011, 
 37.10,   1.96E-011, 
 37.20,  -5.60E-012, 
 37.30,   6.65E-011, 
 37.40,   4.90E-011, 
 37.50,   2.94E-011, 
 37.60,   7.70E-012, 
 37.70,   4.27E-011, 
 37.80,   9.10E-011, 
 37.90,   1.44E-010, 
 38.00,   1.41E-010, 
 38.10,   1.60E-010, 
 38.20,   1.81E-010, 
 38.30,   2.45E-010, 
 38.40,   2.70E-010, 
 38.50,   2.87E-010, 
 38.60,   1.65E-010, 
 38.70,   1.67E-010, 
 38.80,   1.94E-010, 
 38.90,   2.76E-010, 
 39.00,   3.42E-010, 
 39.10,   4.74E-010, 
 39.20,   4.64E-010, 
 39.30,   4.41E-010, 
 39.40,   4.50E-010, 
 39.50,   4.49E-010, 
 39.60,   2.67E-010, 
 39.70,   1.79E-010, 
 39.80,   2.30E-010, 
 39.90,   3.50E-010, 
 40.00,   3.91E-010, 
 40.10,   3.87E-010, 
 40.20,   3.28E-010, 
 40.30,   4.17E-010, 
 40.40,   3.68E-010, 
 40.50,   3.62E-010, 
 40.60,   2.00E-010, 
 40.70,   2.41E-010, 
 40.80,   3.60E-010, 
 40.90,   5.15E-010, 
 41.00,   7.72E-010, 
 41.10,   8.63E-010, 
 41.20,   1.17E-009, 
 41.30,   1.20E-009, 
 41.40,   7.89E-010, 
 41.50,   5.02E-010, 
 41.60,   3.09E-010, 
 41.70,   8.96E-011, 
 41.80,   4.76E-011, 
 41.90,   1.20E-010, 
 42.00,   1.88E-010, 
 42.10,   2.35E-010, 
 42.20,   3.12E-010, 
 42.30,   4.43E-010, 
 42.40,   4.78E-010, 
 42.50,   3.78E-010, 
 42.60,   3.61E-010, 
 42.70,   3.54E-010, 
 42.80,   3.81E-010, 
 42.90,   4.70E-010, 
 43.00,   6.98E-010, 
 43.10,   1.16E-009, 
 43.20,   1.24E-009, 
 43.30,   1.12E-009, 
 43.40,   7.93E-010, 
 43.50,   7.09E-010, 
 43.60,   5.13E-010, 
 43.70,   4.85E-010, 
 43.80,   8.32E-010, 
 43.90,   1.64E-009, 
 44.00,   2.01E-009, 
 44.10,   2.28E-009, 
 44.20,   2.33E-009, 
 44.30,   2.37E-009, 
 44.40,   2.30E-009, 
 44.50,   1.64E-009, 
 44.60,   5.85E-010, 
 44.70,   2.93E-010, 
 44.80,   2.66E-010, 
 44.90,   3.18E-010, 
 45.00,   2.86E-010, 
 45.10,   2.60E-010, 
 45.20,   3.14E-010, 
 45.30,   2.86E-010, 
 45.40,   3.92E-010, 
 45.50,   2.74E-010, 
 45.60,   1.97E-010, 
 45.70,   1.52E-010, 
 45.80,   1.63E-010, 
 45.90,   1.79E-010, 
 46.00,   9.10E-011, 
 46.10,   9.45E-011, 
 46.20,   6.30E-011, 
 46.30,   9.31E-011, 
 46.40,   8.47E-011, 
 46.50,   1.37E-010, 
 46.60,   1.18E-010, 
 46.70,   1.25E-010, 
 46.80,   1.97E-010, 
 46.90,   1.96E-010, 
 47.00,   1.31E-010, 
 47.10,   6.44E-011, 
 47.20,   2.52E-011, 
 47.30,   1.62E-010, 
 47.40,   1.76E-010, 
 47.50,   2.00E-010, 
 47.60,   2.66E-010, 
 47.70,   2.80E-010, 
 47.80,   2.42E-010, 
 47.90,   2.03E-010, 
 48.00,  -6.30E-012, 
 48.10,   1.12E-011, 
 48.20,   7.35E-011, 
 48.30,   1.16E-010, 
 48.40,   9.66E-011, 
 48.50,   9.31E-011, 
 48.60,   1.02E-010, 
 48.70,   1.37E-010, 
 48.80,   1.23E-010, 
 48.90,   4.83E-011, 
 49.00,   1.06E-010, 
 49.10,   1.97E-010, 
 49.20,   1.45E-010, 
 49.30,   1.40E-010, 
 49.40,   1.13E-010, 
 49.50,   1.06E-010, 
 49.60,   1.11E-010, 
 49.70,   9.52E-011, 
 49.80,   1.20E-010, 
 49.90,   1.59E-010, 
 50.00,   2.55E-010, 
 50.10,   2.90E-010, 
 50.20,   2.89E-010, 
 50.30,   4.15E-010, 
 50.40,   3.61E-010, 
 50.50,   3.95E-010, 
 50.60,   3.44E-010, 
 50.70,   2.85E-010, 
 50.80,   2.32E-010, 
 50.90,   3.10E-010, 
 51.00,   3.58E-010, 
 51.10,   2.22E-010, 
 51.20,   2.08E-010, 
 51.30,   1.92E-010, 
 51.40,   1.67E-010, 
 51.50,   2.55E-010, 
 51.60,   1.88E-010, 
 51.70,   1.19E-010, 
 51.80,   2.02E-010, 
 51.90,   3.06E-010, 
 52.00,   3.12E-010, 
 52.10,   3.96E-010, 
 52.20,   4.07E-010, 
 52.30,   3.46E-010, 
 52.40,   2.87E-010, 
 52.50,   2.92E-010, 
 52.60,   2.74E-010, 
 52.70,   2.86E-010, 
 52.80,   2.58E-010, 
 52.90,   1.95E-010, 
 53.00,   2.09E-010, 
 53.10,   3.57E-010, 
 53.20,   2.80E-010, 
 53.30,   2.56E-010, 
 53.40,   1.91E-010, 
 53.50,   2.09E-010, 
 53.60,   2.44E-010, 
 53.70,   1.76E-010, 
 53.80,   1.35E-010, 
 53.90,   1.54E-010, 
 54.00,   2.44E-010, 
 54.10,   2.13E-010, 
 54.20,   2.37E-010, 
 54.30,   3.19E-010, 
 54.40,   2.80E-010, 
 54.50,   1.82E-010, 
 54.60,   5.74E-011, 
 54.70,   1.04E-010, 
 54.80,   1.63E-010, 
 54.90,   1.67E-010, 
 55.00,   2.19E-010, 
 55.10,   2.83E-010, 
 55.20,   5.12E-010, 
 55.30,   5.37E-010, 
 55.40,   5.07E-010, 
 55.50,   4.05E-010, 
 55.60,   3.42E-010, 
 55.70,   1.97E-010, 
 55.80,   1.99E-010, 
 55.90,   1.54E-010, 
 56.00,   2.85E-010, 
 56.10,   4.16E-010, 
 56.20,   4.23E-010, 
 56.30,   4.88E-010, 
 56.40,   4.85E-010, 
 56.50,   4.14E-010, 
 56.60,   3.94E-010, 
 56.70,   3.71E-010, 
 56.80,   2.70E-010, 
 56.90,   2.08E-010, 
 57.00,   2.92E-010, 
 57.10,   3.24E-010, 
 57.20,   4.12E-010, 
 57.30,   4.99E-010, 
 57.40,   6.56E-010, 
 57.50,   5.67E-010, 
 57.60,   4.68E-010, 
 57.70,   4.64E-010, 
 57.80,   4.12E-010, 
 57.90,   2.71E-010, 
 58.00,   1.71E-010, 
 58.10,   1.55E-010, 
 58.20,   2.40E-010, 
 58.30,   2.88E-010, 
 58.40,   3.12E-010, 
 58.50,   2.93E-010, 
 58.60,   3.49E-010, 
 58.70,   3.45E-010, 
 58.80,   2.43E-010, 
 58.90,   1.88E-010, 
 59.00,   1.96E-010, 
 59.10,   1.28E-010, 
 59.20,   7.91E-011, 
 59.30,   3.15E-011, 
 59.40,   2.80E-011, 
 59.50,   1.26E-010, 
 59.60,   1.53E-010, 
 59.70,   2.61E-010, 
 59.80,   2.30E-010, 
 59.90,   2.44E-010, 
 60.00,   2.77E-010, 
 60.10,   2.83E-010, 
 60.20,   2.84E-010, 
 60.30,   3.59E-010, 
 60.40,   3.24E-010, 
 60.50,   2.59E-010, 
 60.60,   2.14E-010, 
 60.70,   1.66E-010, 
 60.80,   2.27E-010, 
 60.90,   2.26E-010, 
 61.00,   2.60E-010, 
 61.10,   1.90E-010, 
 61.20,   2.11E-010, 
 61.30,   2.44E-010, 
 61.40,   3.33E-010, 
 61.50,   3.34E-010, 
 61.60,   3.05E-010, 
 61.70,   1.89E-010, 
 61.80,   1.98E-010, 
 61.90,   2.14E-010, 
 62.00,   1.83E-010, 
 62.10,   1.32E-010, 
 62.20,   1.30E-010, 
 62.30,   1.72E-010, 
 62.40,   2.10E-010, 
 62.50,   2.14E-010, 
 62.60,   2.07E-010, 
 62.70,   2.70E-010, 
 62.80,   2.95E-010, 
 62.90,   2.35E-010, 
 63.00,   2.79E-010, 
 63.10,   3.66E-010, 
 63.20,   3.12E-010, 
 63.30,   1.93E-010, 
 63.40,   2.08E-010, 
 63.50,   3.37E-010, 
 63.60,   2.99E-010, 
 63.70,   3.70E-010, 
 63.80,   3.70E-010, 
 63.90,   3.32E-010, 
 64.00,   3.16E-010, 
 64.10,   2.65E-010, 
 64.20,   3.28E-010, 
 64.30,   2.60E-010, 
 64.40,   3.03E-010, 
 64.50,   3.14E-010, 
 64.60,   2.44E-010, 
 64.70,   3.30E-010, 
 64.80,   2.15E-010, 
 64.90,   1.72E-010, 
 65.00,   2.08E-010, 
