  1.00,   4.94E-009, 
  1.10,   5.83E-009, 
  1.20,   8.92E-009, 
  1.30,   2.60E-008, 
  1.40,   3.99E-008, 
  1.50,   2.94E-008, 
  1.60,   2.27E-008, 
  1.70,   1.91E-008, 
  1.80,   1.89E-008, 
  1.90,   2.00E-008, 
  2.00,   2.11E-008, 
  2.10,   2.08E-008, 
  2.20,   1.96E-008, 
  2.30,   1.73E-008, 
  2.40,   1.33E-008, 
  2.50,   6.99E-009, 
  2.60,   3.42E-009, 
  2.70,   1.80E-009, 
  2.80,   1.15E-009, 
  2.90,   7.56E-010, 
  3.00,   4.30E-010, 
  3.10,   3.92E-010, 
  3.20,   3.42E-010, 
  3.30,   3.59E-010, 
  3.40,   2.39E-010, 
  3.50,   5.32E-011, 
  3.60,   2.31E-011, 
  3.70,  -3.43E-011, 
  3.80,  -9.38E-011, 
  3.90,  -7.77E-011, 
  4.00,  -1.02E-010, 
  4.10,  -5.46E-011, 
  4.20,  -8.68E-011, 
  4.30,  -1.13E-010, 
  4.40,  -1.50E-010, 
  4.50,  -1.74E-010, 
  4.60,  -2.35E-010, 
  4.70,  -2.42E-010, 
  4.80,  -1.93E-010, 
  4.90,  -1.47E-010, 
  5.00,  -1.60E-010, 
  5.10,  -2.23E-010, 
  5.20,  -2.41E-010, 
  5.30,  -2.45E-010, 
  5.40,  -2.05E-010, 
  5.50,  -1.13E-010, 
  5.60,  -1.45E-010, 
  5.70,  -2.26E-010, 
  5.80,  -2.96E-010, 
  5.90,  -2.13E-010, 
  6.00,  -9.10E-011, 
  6.10,  -1.32E-010, 
  6.20,  -2.47E-010, 
  6.30,  -3.37E-010, 
  6.40,  -2.88E-010, 
  6.50,  -2.29E-010, 
  6.60,  -1.58E-010, 
  6.70,  -1.86E-010, 
  6.80,  -2.68E-010, 
  6.90,  -1.49E-010, 
  7.00,  -1.16E-010, 
  7.10,  -1.30E-010, 
  7.20,  -1.77E-010, 
  7.30,  -2.63E-010, 
  7.40,  -2.07E-010, 
  7.50,  -1.43E-010, 
  7.60,  -2.32E-010, 
  7.70,  -2.18E-010, 
  7.80,  -2.20E-010, 
  7.90,  -2.21E-010, 
  8.00,  -2.56E-010, 
  8.10,  -2.20E-010, 
  8.20,  -1.42E-010, 
  8.30,  -2.43E-010, 
  8.40,  -2.75E-010, 
  8.50,  -2.42E-010, 
  8.60,  -2.55E-010, 
  8.70,  -2.59E-010, 
  8.80,  -1.51E-010, 
  8.90,  -2.26E-010, 
  9.00,  -2.39E-010, 
  9.10,  -2.08E-010, 
  9.20,  -3.03E-010, 
  9.30,  -2.98E-010, 
  9.40,  -2.16E-010, 
  9.50,  -2.39E-010, 
  9.60,  -1.04E-010, 
  9.70,  -1.25E-010, 
  9.80,  -7.63E-011, 
  9.90,  -1.90E-010, 
 10.00,  -2.09E-010, 
 10.10,  -2.21E-010, 
 10.20,  -2.65E-010, 
 10.30,  -2.27E-010, 
 10.40,  -2.11E-010, 
 10.50,  -1.27E-010, 
 10.60,  -1.31E-010, 
 10.70,  -2.07E-010, 
 10.80,  -1.09E-010, 
 10.90,  -2.04E-010, 
 11.00,  -2.25E-010, 
 11.10,  -2.02E-010, 
 11.20,  -1.46E-010, 
 11.30,  -1.42E-010, 
 11.40,  -7.98E-011, 
 11.50,  -3.15E-011, 
 11.60,   1.80E-010, 
 11.70,   5.96E-010, 
 11.80,   1.76E-009, 
 11.90,   2.42E-009, 
 12.00,   2.82E-009, 
 12.10,   3.11E-009, 
 12.20,   3.11E-009, 
 12.30,   2.68E-009, 
 12.40,   1.73E-009, 
 12.50,   1.20E-009, 
 12.60,   1.09E-009, 
 12.70,   1.61E-009, 
 12.80,   2.67E-009, 
 12.90,   4.04E-009, 
 13.00,   5.24E-009, 
 13.10,   6.20E-009, 
 13.20,   7.23E-009, 
 13.30,   9.64E-009, 
 13.40,   1.56E-008, 
 13.50,   3.75E-008, 
 13.60,   1.18E-007, 
 13.70,   2.56E-007, 
 13.80,   3.98E-007, 
 13.90,   4.77E-007, 
 14.00,   4.76E-007, 
 14.10,   4.82E-007, 
 14.20,   4.05E-007, 
 14.30,   3.09E-007, 
 14.40,   5.82E-008, 
 14.50,   1.53E-008, 
 14.60,   1.12E-008, 
 14.70,   1.48E-008, 
 14.80,   2.34E-008, 
 14.90,   3.30E-008, 
 15.00,   3.66E-008, 
 15.10,   3.81E-008, 
 15.20,   3.56E-008, 
 15.30,   3.22E-008, 
 15.40,   2.07E-008, 
 15.50,   1.76E-008, 
 15.60,   3.55E-008, 
 15.70,   7.94E-008, 
 15.80,   1.28E-007, 
 15.90,   1.58E-007, 
 16.00,   1.61E-007, 
 16.10,   1.62E-007, 
 16.20,   1.38E-007, 
 16.30,   1.04E-007, 
 16.40,   2.92E-008, 
 16.50,   1.26E-008, 
 16.60,   1.39E-008, 
 16.70,   2.42E-008, 
 16.80,   4.03E-008, 
 16.90,   5.59E-008, 
 17.00,   5.80E-008, 
 17.10,   6.13E-008, 
 17.20,   5.35E-008, 
 17.30,   4.72E-008, 
 17.40,   2.49E-008, 
 17.50,   2.33E-008, 
 17.60,   5.47E-008, 
 17.70,   1.21E-007, 
 17.80,   1.92E-007, 
 17.90,   2.42E-007, 
 18.00,   2.35E-007, 
 18.10,   2.48E-007, 
 18.20,   2.06E-007, 
 18.30,   1.72E-007, 
 18.40,   4.30E-008, 
 18.50,   1.21E-008, 
 18.60,   7.44E-009, 
 18.70,   7.35E-009, 
 18.80,   9.49E-009, 
 18.90,   1.29E-008, 
 19.00,   1.45E-008, 
 19.10,   1.55E-008, 
 19.20,   1.48E-008, 
 19.30,   1.34E-008, 
 19.40,   8.68E-009, 
 19.50,   5.06E-009, 
 19.60,   4.86E-009, 
 19.70,   6.79E-009, 
 19.80,   1.01E-008, 
 19.90,   1.34E-008, 
 20.00,   1.45E-008, 
 20.10,   1.57E-008, 
 20.20,   1.45E-008, 
 20.30,   1.21E-008, 
 20.40,   6.31E-009, 
 20.50,   3.12E-009, 
 20.60,   1.72E-009, 
 20.70,   8.96E-010, 
 20.80,   3.89E-010, 
 20.90,   2.70E-010, 
 21.00,   1.76E-010, 
 21.10,   6.16E-011, 
 21.20,   2.87E-011, 
 21.30,   7.00E-013, 
 21.40,  -3.50E-012, 
 21.50,   1.23E-010, 
 21.60,   2.77E-010, 
 21.70,   3.24E-010, 
 21.80,   2.02E-010, 
 21.90,   1.51E-010, 
 22.00,   8.12E-011, 
 22.10,   7.84E-011, 
 22.20,   1.44E-010, 
 22.30,   7.21E-011, 
 22.40,  -9.73E-011, 
 22.50,  -1.11E-010, 
 22.60,  -1.16E-010, 
 22.70,  -1.09E-010, 
 22.80,  -9.24E-011, 
 22.90,  -4.55E-011, 
 23.00,  -1.44E-010, 
 23.10,  -8.47E-011, 
 23.20,  -1.04E-010, 
 23.30,  -5.46E-011, 
 23.40,  -4.97E-011, 
 23.50,   1.96E-011, 
 23.60,   3.50E-012, 
 23.70,   8.40E-011, 
 23.80,   3.51E-010, 
 23.90,   5.93E-010, 
 24.00,   6.67E-010, 
 24.10,   8.50E-010, 
 24.20,   1.05E-009, 
 24.30,   7.63E-010, 
 24.40,   2.02E-010, 
 24.50,   2.18E-010, 
 24.60,   4.59E-010, 
 24.70,   1.36E-009, 
 24.80,   2.15E-009, 
 24.90,   3.12E-009, 
 25.00,   3.78E-009, 
 25.10,   4.31E-009, 
 25.20,   4.32E-009, 
 25.30,   4.26E-009, 
 25.40,   3.23E-009, 
 25.50,   2.72E-009, 
 25.60,   3.85E-009, 
 25.70,   7.20E-009, 
 25.80,   1.25E-008, 
 25.90,   1.83E-008, 
 26.00,   2.16E-008, 
 26.10,   2.35E-008, 
 26.20,   2.24E-008, 
 26.30,   2.10E-008, 
 26.40,   1.34E-008, 
 26.50,   9.41E-009, 
 26.60,   1.18E-008, 
 26.70,   2.15E-008, 
 26.80,   3.86E-008, 
 26.90,   6.01E-008, 
 27.00,   7.44E-008, 
 27.10,   9.64E-008, 
 27.20,   1.41E-007, 
 27.30,   2.50E-007, 
 27.40,   4.42E-007, 
 27.50,   9.75E-007, 
 27.60,   2.21E-006, 
 27.70,   4.08E-006, 
 27.80,   6.17E-006, 
 27.90,   7.48E-006, 
 28.00,   7.29E-006, 
 28.10,   7.65E-006, 
 28.20,   6.54E-006, 
 28.30,   5.16E-006, 
 28.40,   4.52E-007, 
 28.50,   4.63E-008, 
 28.60,   3.71E-008, 
 28.70,   6.13E-008, 
 28.80,   1.00E-007, 
 28.90,   1.30E-007, 
 29.00,   1.32E-007, 
 29.10,   1.37E-007, 
 29.20,   1.19E-007, 
 29.30,   1.01E-007, 
 29.40,   3.18E-008, 
 29.50,   1.13E-008, 
 29.60,   7.49E-009, 
 29.70,   8.07E-009, 
 29.80,   1.09E-008, 
 29.90,   1.50E-008, 
 30.00,   1.73E-008, 
 30.10,   1.89E-008, 
 30.20,   1.90E-008, 
 30.30,   2.02E-008, 
 30.40,   1.75E-008, 
 30.50,   2.28E-008, 
 30.60,   4.99E-008, 
 30.70,   1.13E-007, 
 30.80,   1.88E-007, 
 30.90,   2.45E-007, 
 31.00,   2.47E-007, 
 31.10,   2.63E-007, 
 31.20,   2.42E-007, 
 31.30,   2.46E-007, 
 31.40,   1.44E-007, 
 31.50,   2.30E-007, 
 31.60,   5.04E-007, 
 31.70,   8.99E-007, 
 31.80,   1.35E-006, 
 31.90,   1.55E-006, 
 32.00,   1.55E-006, 
 32.10,   1.54E-006, 
 32.20,   1.37E-006, 
 32.30,   9.17E-007, 
 32.40,   9.32E-008, 
 32.50,   1.73E-008, 
 32.60,   8.28E-009, 
 32.70,   5.58E-009, 
 32.80,   4.79E-009, 
 32.90,   4.93E-009, 
 33.00,   5.00E-009, 
 33.10,   5.01E-009, 
 33.20,   4.75E-009, 
 33.30,   4.50E-009, 
 33.40,   3.30E-009, 
 33.50,   2.29E-009, 
 33.60,   2.10E-009, 
 33.70,   2.44E-009, 
 33.80,   3.52E-009, 
 33.90,   4.81E-009, 
 34.00,   5.51E-009, 
 34.10,   5.99E-009, 
 34.20,   5.84E-009, 
 34.30,   5.40E-009, 
 34.40,   3.33E-009, 
 34.50,   1.82E-009, 
 34.60,   7.63E-010, 
 34.70,   3.22E-010, 
 34.80,   2.28E-010, 
 34.90,   1.62E-010, 
 35.00,   1.89E-010, 
 35.10,   1.32E-010, 
 35.20,   3.64E-011, 
 35.30,  -2.10E-011, 
 35.40,  -2.17E-011, 
 35.50,   2.80E-012, 
 35.60,   1.82E-011, 
 35.70,   1.55E-010, 
 35.80,   2.60E-010, 
 35.90,   3.67E-010, 
 36.00,   3.42E-010, 
 36.10,   4.28E-010, 
 36.20,   4.96E-010, 
 36.30,   3.99E-010, 
 36.40,   1.76E-010, 
 36.50,   6.37E-011, 
 36.60,  -2.03E-011, 
 36.70,  -4.83E-011, 
 36.80,   9.10E-012, 
 36.90,  -1.47E-011, 
 37.00,  -5.67E-011, 
 37.10,  -1.62E-010, 
 37.20,  -8.75E-011, 
 37.30,  -5.81E-011, 
 37.40,  -2.24E-011, 
 37.50,  -8.75E-011, 
 37.60,  -4.69E-011, 
 37.70,   4.41E-011, 
 37.80,   8.75E-011, 
 37.90,   1.53E-010, 
 38.00,   1.95E-010, 
 38.10,   2.49E-010, 
 38.20,   2.15E-010, 
 38.30,   3.00E-010, 
 38.40,   1.90E-010, 
 38.50,   8.26E-011, 
 38.60,   1.44E-010, 
 38.70,   2.57E-010, 
 38.80,   4.15E-010, 
 38.90,   7.98E-010, 
 39.00,   1.29E-009, 
 39.10,   1.63E-009, 
 39.20,   2.29E-009, 
 39.30,   3.69E-009, 
 39.40,   6.19E-009, 
 39.50,   1.30E-008, 
 39.60,   3.12E-008, 
 39.70,   6.37E-008, 
 39.80,   1.06E-007, 
 39.90,   1.21E-007, 
 40.00,   1.24E-007, 
 40.10,   1.18E-007, 
 40.20,   1.08E-007, 
 40.30,   7.23E-008, 
 40.40,   1.92E-008, 
 40.50,   7.59E-009, 
 40.60,   4.20E-009, 
 40.70,   3.01E-009, 
 40.80,   2.77E-009, 
 40.90,   2.85E-009, 
 41.00,   3.03E-009, 
 41.10,   3.09E-009, 
 41.20,   3.07E-009, 
 41.30,   3.08E-009, 
 41.40,   2.36E-009, 
 41.50,   1.57E-009, 
 41.60,   1.46E-009, 
 41.70,   1.97E-009, 
 41.80,   3.06E-009, 
 41.90,   4.46E-009, 
 42.00,   5.48E-009, 
 42.10,   6.22E-009, 
 42.20,   6.35E-009, 
 42.30,   6.30E-009, 
 42.40,   4.69E-009, 
 42.50,   3.02E-009, 
 42.60,   3.21E-009, 
 42.70,   5.03E-009, 
 42.80,   8.33E-009, 
 42.90,   1.29E-008, 
 43.00,   1.55E-008, 
 43.10,   1.73E-008, 
 43.20,   1.69E-008, 
 43.30,   1.61E-008, 
 43.40,   1.13E-008, 
 43.50,   6.65E-009, 
 43.60,   6.23E-009, 
 43.70,   8.53E-009, 
 43.80,   1.37E-008, 
 43.90,   2.03E-008, 
 44.00,   2.31E-008, 
 44.10,   2.45E-008, 
 44.20,   2.31E-008, 
 44.30,   2.23E-008, 
 44.40,   1.39E-008, 
 44.50,   9.15E-009, 
 44.60,   1.13E-008, 
 44.70,   2.05E-008, 
 44.80,   3.83E-008, 
 44.90,   6.32E-008, 
 45.00,   7.18E-008, 
 45.10,   7.59E-008, 
 45.20,   7.00E-008, 
 45.30,   6.67E-008, 
 45.40,   4.11E-008, 
 45.50,   1.49E-008, 
 45.60,   9.62E-009, 
 45.70,   1.13E-008, 
 45.80,   1.74E-008, 
 45.90,   2.83E-008, 
 46.00,   3.44E-008, 
 46.10,   3.67E-008, 
 46.20,   3.58E-008, 
 46.30,   3.36E-008, 
 46.40,   2.46E-008, 
 46.50,   1.02E-008, 
 46.60,   4.95E-009, 
 46.70,   2.93E-009, 
 46.80,   2.22E-009, 
 46.90,   2.13E-009, 
 47.00,   2.22E-009, 
 47.10,   2.33E-009, 
 47.20,   2.41E-009, 
 47.30,   2.21E-009, 
 47.40,   1.95E-009, 
 47.50,   1.20E-009, 
 47.60,   4.08E-010, 
 47.70,   3.29E-010, 
 47.80,   2.82E-010, 
 47.90,   2.02E-010, 
 48.00,   1.79E-010, 
 48.10,   1.90E-010, 
 48.20,   2.79E-010, 
 48.30,   1.05E-010, 
 48.40,   1.13E-010, 
 48.50,   5.95E-011, 
 48.60,  -3.36E-011, 
 48.70,  -1.40E-011, 
 48.80,  -1.16E-010, 
 48.90,  -1.26E-010, 
 49.00,  -3.85E-011, 
 49.10,   2.45E-011, 
 49.20,   1.58E-010, 
 49.30,   1.39E-010, 
 49.40,   1.96E-011, 
 49.50,   6.86E-011, 
 49.60,  -7.70E-012, 
 49.70,   7.49E-011, 
 49.80,   6.16E-011, 
 49.90,  -1.05E-011, 
 50.00,   5.18E-011, 
 50.10,   9.52E-011, 
 50.20,   2.00E-010, 
 50.30,   1.13E-010, 
 50.40,   9.38E-011, 
 50.50,   1.15E-010, 
 50.60,   1.20E-010, 
 50.70,   1.65E-010, 
 50.80,   2.04E-010, 
 50.90,   2.89E-010, 
 51.00,   3.80E-010, 
 51.10,   4.86E-010, 
 51.20,   4.20E-010, 
 51.30,   4.39E-010, 
 51.40,   4.30E-010, 
 51.50,   2.25E-010, 
 51.60,   1.51E-010, 
 51.70,   1.31E-010, 
 51.80,   9.80E-011, 
 51.90,   1.89E-010, 
 52.00,   2.34E-010, 
 52.10,   2.38E-010, 
 52.20,   1.52E-010, 
 52.30,   1.83E-010, 
 52.40,   1.10E-010, 
 52.50,   1.13E-010, 
 52.60,   2.87E-011, 
 52.70,  -1.40E-012, 
 52.80,   2.03E-011, 
 52.90,   3.64E-011, 
 53.00,   3.85E-011, 
 53.10,   7.00E-011, 
 53.20,   1.58E-010, 
 53.30,   2.04E-010, 
 53.40,   1.27E-010, 
 53.50,   4.83E-011, 
 53.60,   1.75E-010, 
 53.70,   1.65E-010, 
 53.80,   1.99E-010, 
 53.90,   1.81E-010, 
 54.00,   9.87E-011, 
 54.10,   1.33E-011, 
 54.20,   6.86E-011, 
 54.30,   4.83E-011, 
 54.40,   1.09E-010, 
 54.50,   1.27E-010, 
 54.60,   9.66E-011, 
 54.70,   9.59E-011, 
 54.80,   6.30E-011, 
 54.90,   2.46E-010, 
 55.00,   4.27E-010, 
 55.10,   5.55E-010, 
 55.20,   5.73E-010, 
 55.30,   6.16E-010, 
 55.40,   5.99E-010, 
 55.50,   3.56E-010, 
 55.60,   2.67E-010, 
 55.70,   1.48E-010, 
 55.80,   1.61E-010, 
 55.90,   1.60E-010, 
 56.00,   2.39E-010, 
 56.10,   2.44E-010, 
 56.20,   3.08E-010, 
 56.30,   3.96E-010, 
 56.40,   3.64E-010, 
 56.50,   2.46E-010, 
 56.60,   4.97E-011, 
 56.70,   6.23E-011, 
 56.80,   3.08E-011, 
 56.90,   1.72E-010, 
 57.00,   3.40E-010, 
 57.10,   3.50E-010, 
 57.20,   6.00E-010, 
 57.30,   7.22E-010, 
 57.40,   1.02E-009, 
 57.50,   4.23E-010, 
 57.60,   3.05E-010, 
 57.70,   1.57E-010, 
 57.80,   1.20E-010, 
 57.90,   1.27E-010, 
 58.00,   1.17E-010, 
 58.10,   1.96E-010, 
 58.20,   2.53E-010, 
 58.30,   3.23E-010, 
 58.40,   3.20E-010, 
 58.50,   2.23E-010, 
 58.60,   2.19E-010, 
 58.70,   7.70E-011, 
 58.80,  -2.24E-011, 
 58.90,   1.27E-010, 
 59.00,   1.32E-010, 
 59.10,   1.16E-010, 
 59.20,   1.11E-010, 
 59.30,   4.90E-011, 
 59.40,   2.14E-010, 
 59.50,   1.32E-010, 
 59.60,   5.53E-011, 
 59.70,  -2.80E-011, 
 59.80,  -3.92E-011, 
 59.90,  -5.39E-011, 
 60.00,   1.00E-010, 
 60.10,   1.53E-010, 
 60.20,   1.23E-010, 
 60.30,   3.50E-011, 
 60.40,   4.90E-011, 
 60.50,   1.21E-010, 
 60.60,   7.42E-011, 
 60.70,  -5.60E-012, 
 60.80,  -6.44E-011, 
 60.90,  -3.85E-011, 
 61.00,  -1.05E-011, 
 61.10,  -7.49E-011, 
 61.20,  -1.96E-011, 
 61.30,   1.18E-010, 
 61.40,   6.79E-011, 
 61.50,   1.29E-010, 
 61.60,   5.88E-011, 
 61.70,   5.04E-011, 
 61.80,   4.62E-011, 
 61.90,   1.23E-010, 
 62.00,   1.11E-010, 
 62.10,   1.04E-010, 
 62.20,   1.03E-010, 
 62.30,   2.10E-012, 
 62.40,  -3.85E-011, 
 62.50,  -3.99E-011, 
 62.60,   7.00E-011, 
 62.70,  -4.90E-012, 
 62.80,   6.86E-011, 
 62.90,   2.59E-011, 
 63.00,   1.33E-011, 
 63.10,   1.26E-011, 
 63.20,   4.55E-011, 
 63.30,   5.88E-011, 
 63.40,  -1.19E-011, 
 63.50,  -4.34E-011, 
 63.60,  -1.26E-011, 
 63.70,   1.61E-011, 
 63.80,   5.25E-011, 
 63.90,   3.01E-011, 
 64.00,  -3.99E-011, 
 64.10,  -2.94E-011, 
 64.20,  -2.31E-011, 
 64.30,  -4.97E-011, 
 64.40,  -1.40E-012, 
 64.50,  -9.80E-012, 
 64.60,  -4.13E-011, 
 64.70,  -1.82E-011, 
 64.80,  -1.05E-011, 
 64.90,  -4.90E-012, 
 65.00,  -1.19E-011, 
