  1.00,   2.89E-009, 
  1.10,   3.23E-009, 
  1.20,   5.10E-009, 
  1.30,   1.55E-008, 
  1.40,   2.95E-008, 
  1.50,   2.42E-008, 
  1.60,   1.78E-008, 
  1.70,   1.54E-008, 
  1.80,   1.65E-008, 
  1.90,   1.93E-008, 
  2.00,   2.09E-008, 
  2.10,   2.13E-008, 
  2.20,   2.02E-008, 
  2.30,   1.84E-008, 
  2.40,   1.46E-008, 
  2.50,   8.34E-009, 
  2.60,   3.93E-009, 
  2.70,   2.03E-009, 
  2.80,   1.19E-009, 
  2.90,   5.48E-010, 
  3.00,   2.96E-010, 
  3.10,   2.08E-010, 
  3.20,   9.38E-011, 
  3.30,   6.37E-011, 
  3.40,  -2.24E-011, 
  3.50,  -8.12E-011, 
  3.60,   0.00E+000, 
  3.70,  -1.46E-010, 
  3.80,  -1.60E-010, 
  3.90,  -1.14E-010, 
  4.00,  -7.35E-011, 
  4.10,  -4.41E-011, 
  4.20,  -7.70E-011, 
  4.30,  -1.75E-011, 
  4.40,  -8.40E-012, 
  4.50,  -1.97E-010, 
  4.60,  -3.14E-010, 
  4.70,  -2.58E-010, 
  4.80,  -2.61E-010, 
  4.90,  -1.76E-010, 
  5.00,  -1.18E-010, 
  5.10,  -2.17E-010, 
  5.20,  -3.03E-010, 
  5.30,  -2.46E-010, 
  5.40,  -1.91E-010, 
  5.50,  -1.93E-010, 
  5.60,  -1.95E-010, 
  5.70,  -2.54E-010, 
  5.80,  -1.85E-010, 
  5.90,  -1.69E-010, 
  6.00,  -1.60E-010, 
  6.10,  -2.40E-010, 
  6.20,  -2.83E-010, 
  6.30,  -2.79E-010, 
  6.40,  -2.02E-010, 
  6.50,  -2.53E-010, 
  6.60,  -2.60E-010, 
  6.70,  -2.28E-010, 
  6.80,  -2.30E-010, 
  6.90,  -2.57E-010, 
  7.00,  -2.58E-010, 
  7.10,  -2.00E-010, 
  7.20,  -2.77E-010, 
  7.30,  -2.57E-010, 
  7.40,  -2.23E-010, 
  7.50,  -2.99E-010, 
  7.60,  -2.56E-010, 
  7.70,  -2.57E-010, 
  7.80,  -2.07E-010, 
  7.90,  -2.42E-010, 
  8.00,  -2.91E-010, 
  8.10,  -2.46E-010, 
  8.20,  -2.39E-010, 
  8.30,  -2.35E-010, 
  8.40,  -1.78E-010, 
  8.50,  -1.79E-010, 
  8.60,  -2.06E-010, 
  8.70,  -2.44E-010, 
  8.80,  -3.17E-010, 
  8.90,  -2.98E-010, 
  9.00,  -2.19E-010, 
  9.10,  -2.84E-010, 
  9.20,  -2.56E-010, 
  9.30,  -1.10E-010, 
  9.40,  -9.31E-011, 
  9.50,  -1.86E-010, 
  9.60,  -1.71E-010, 
  9.70,  -1.66E-010, 
  9.80,  -2.14E-010, 
  9.90,  -1.41E-010, 
 10.00,  -1.60E-010, 
 10.10,  -1.27E-010, 
 10.20,  -1.78E-010, 
 10.30,  -1.76E-010, 
 10.40,  -1.88E-010, 
 10.50,  -9.03E-011, 
 10.60,  -1.04E-010, 
 10.70,  -1.96E-010, 
 10.80,  -1.51E-010, 
 10.90,  -1.06E-010, 
 11.00,  -5.25E-011, 
 11.10,  -5.95E-011, 
 11.20,  -5.60E-011, 
 11.30,  -3.01E-011, 
 11.40,  -1.09E-010, 
 11.50,  -5.88E-011, 
 11.60,  -1.40E-011, 
 11.70,   1.41E-010, 
 11.80,   4.58E-010, 
 11.90,   1.37E-009, 
 12.00,   1.52E-009, 
 12.10,   1.55E-009, 
 12.20,   1.75E-009, 
 12.30,   1.56E-009, 
 12.40,   1.27E-009, 
 12.50,   4.00E-010, 
 12.60,   2.68E-010, 
 12.70,   2.98E-010, 
 12.80,   7.13E-010, 
 12.90,   1.48E-009, 
 13.00,   1.73E-009, 
 13.10,   2.03E-009, 
 13.20,   2.42E-009, 
 13.30,   3.36E-009, 
 13.40,   5.44E-009, 
 13.50,   1.07E-008, 
 13.60,   2.89E-008, 
 13.70,   8.71E-008, 
 13.80,   1.82E-007, 
 13.90,   2.54E-007, 
 14.00,   2.77E-007, 
 14.10,   2.81E-007, 
 14.20,   2.60E-007, 
 14.30,   2.19E-007, 
 14.40,   1.21E-007, 
 14.50,   2.33E-008, 
 14.60,   9.92E-009, 
 14.70,   7.91E-009, 
 14.80,   9.97E-009, 
 14.90,   1.42E-008, 
 15.00,   1.82E-008, 
 15.10,   1.99E-008, 
 15.20,   2.08E-008, 
 15.30,   1.92E-008, 
 15.40,   1.67E-008, 
 15.50,   1.13E-008, 
 15.60,   1.28E-008, 
 15.70,   2.58E-008, 
 15.80,   5.38E-008, 
 15.90,   8.24E-008, 
 16.00,   9.42E-008, 
 16.10,   9.65E-008, 
 16.20,   9.19E-008, 
 16.30,   7.83E-008, 
 16.40,   4.87E-008, 
 16.50,   1.58E-008, 
 16.60,   9.52E-009, 
 16.70,   1.16E-008, 
 16.80,   2.03E-008, 
 16.90,   3.24E-008, 
 17.00,   4.04E-008, 
 17.10,   4.14E-008, 
 17.20,   4.21E-008, 
 17.30,   3.72E-008, 
 17.40,   2.95E-008, 
 17.50,   1.64E-008, 
 17.60,   1.90E-008, 
 17.70,   4.52E-008, 
 17.80,   9.65E-008, 
 17.90,   1.48E-007, 
 18.00,   1.74E-007, 
 18.10,   1.70E-007, 
 18.20,   1.71E-007, 
 18.30,   1.41E-007, 
 18.40,   9.70E-008, 
 18.50,   2.39E-008, 
 18.60,   8.55E-009, 
 18.70,   4.51E-009, 
 18.80,   3.04E-009, 
 18.90,   2.60E-009, 
 19.00,   2.59E-009, 
 19.10,   2.61E-009, 
 19.20,   2.42E-009, 
 19.30,   2.42E-009, 
 19.40,   2.30E-009, 
 19.50,   1.76E-009, 
 19.60,   1.56E-009, 
 19.70,   2.09E-009, 
 19.80,   3.23E-009, 
 19.90,   5.11E-009, 
 20.00,   6.66E-009, 
 20.10,   7.32E-009, 
 20.20,   7.76E-009, 
 20.30,   7.20E-009, 
 20.40,   5.74E-009, 
 20.50,   3.13E-009, 
 20.60,   1.57E-009, 
 20.70,   6.69E-010, 
 20.80,   1.39E-010, 
 20.90,   1.16E-010, 
 21.00,  -5.81E-011, 
 21.10,  -1.40E-010, 
 21.20,  -3.64E-011, 
 21.30,  -1.16E-010, 
 21.40,  -1.57E-010, 
 21.50,  -6.23E-011, 
 21.60,  -5.11E-011, 
 21.70,  -1.26E-010, 
 21.80,  -8.54E-011, 
 21.90,  -4.62E-011, 
 22.00,  -2.80E-011, 
 22.10,   7.70E-012, 
 22.20,  -1.19E-011, 
 22.30,   2.10E-012, 
 22.40,  -3.57E-011, 
 22.50,  -2.73E-011, 
 22.60,  -4.13E-011, 
 22.70,  -1.69E-010, 
 22.80,  -1.62E-010, 
 22.90,  -1.26E-010, 
 23.00,  -1.02E-010, 
 23.10,  -1.23E-010, 
 23.20,  -1.42E-010, 
 23.30,  -1.83E-010, 
 23.40,  -1.09E-010, 
 23.50,  -8.26E-011, 
 23.60,  -1.20E-010, 
 23.70,  -1.61E-010, 
 23.80,  -8.89E-011, 
 23.90,  -6.37E-011, 
 24.00,  -5.95E-011, 
 24.10,  -5.95E-011, 
 24.20,  -9.03E-011, 
 24.30,  -2.10E-012, 
 24.40,   9.10E-011, 
 24.50,   4.20E-011, 
 24.60,  -5.74E-011, 
 24.70,  -1.15E-010, 
 24.80,  -7.21E-011, 
 24.90,  -1.09E-010, 
 25.00,  -5.32E-011, 
 25.10,   0.00E+000, 
 25.20,   1.29E-010, 
 25.30,   2.02E-010, 
 25.40,   2.63E-010, 
 25.50,   2.63E-010, 
 25.60,   2.07E-010, 
 25.70,   2.87E-010, 
 25.80,   4.68E-010, 
 25.90,   8.11E-010, 
 26.00,   1.26E-009, 
 26.10,   1.26E-009, 
 26.20,   1.40E-009, 
 26.30,   1.47E-009, 
 26.40,   1.51E-009, 
 26.50,   1.44E-009, 
 26.60,   1.40E-009, 
 26.70,   1.76E-009, 
 26.80,   2.71E-009, 
 26.90,   4.57E-009, 
 27.00,   7.69E-009, 
 27.10,   1.28E-008, 
 27.20,   2.28E-008, 
 27.30,   4.96E-008, 
 27.40,   1.26E-007, 
 27.50,   2.65E-007, 
 27.60,   5.36E-007, 
 27.70,   1.38E-006, 
 27.80,   2.64E-006, 
 27.90,   3.83E-006, 
 28.00,   4.70E-006, 
 28.10,   4.53E-006, 
 28.20,   4.78E-006, 
 28.30,   3.91E-006, 
 28.40,   3.09E-006, 
 28.50,   4.00E-007, 
 28.60,   3.77E-008, 
 28.70,   2.41E-008, 
 28.80,   3.43E-008, 
 28.90,   5.40E-008, 
 29.00,   7.40E-008, 
 29.10,   7.69E-008, 
 29.20,   8.03E-008, 
 29.30,   6.98E-008, 
 29.40,   5.83E-008, 
 29.50,   2.56E-008, 
 29.60,   9.30E-009, 
 29.70,   5.28E-009, 
 29.80,   4.34E-009, 
 29.90,   5.08E-009, 
 30.00,   6.47E-009, 
 30.10,   7.38E-009, 
 30.20,   7.93E-009, 
 30.30,   7.93E-009, 
 30.40,   7.79E-009, 
 30.50,   6.80E-009, 
 30.60,   6.12E-009, 
 30.70,   9.42E-009, 
 30.80,   2.05E-008, 
 30.90,   3.90E-008, 
 31.00,   5.91E-008, 
 31.10,   6.68E-008, 
 31.20,   7.18E-008, 
 31.30,   7.37E-008, 
 31.40,   8.23E-008, 
 31.50,   8.15E-008, 
 31.60,   1.18E-007, 
 31.70,   2.93E-007, 
 31.80,   5.74E-007, 
 31.90,   8.58E-007, 
 32.00,   1.05E-006, 
 32.10,   1.02E-006, 
 32.20,   1.06E-006, 
 32.30,   8.79E-007, 
 32.40,   6.93E-007, 
 32.50,   1.26E-007, 
 32.60,   2.01E-008, 
 32.70,   9.24E-009, 
 32.80,   6.69E-009, 
 32.90,   7.03E-009, 
 33.00,   8.47E-009, 
 33.10,   9.80E-009, 
 33.20,   1.03E-008, 
 33.30,   1.01E-008, 
 33.40,   9.31E-009, 
 33.50,   7.16E-009, 
 33.60,   3.91E-009, 
 33.70,   2.53E-009, 
 33.80,   2.33E-009, 
 33.90,   2.62E-009, 
 34.00,   3.41E-009, 
 34.10,   3.88E-009, 
 34.20,   4.07E-009, 
 34.30,   4.16E-009, 
 34.40,   3.93E-009, 
 34.50,   2.71E-009, 
 34.60,   1.56E-009, 
 34.70,   9.43E-010, 
 34.80,   3.00E-010, 
 34.90,   2.27E-010, 
 35.00,   1.30E-010, 
 35.10,   1.37E-010, 
 35.20,   9.03E-011, 
 35.30,   1.38E-010, 
 35.40,  -5.95E-011, 
 35.50,  -8.82E-011, 
 35.60,  -6.79E-011, 
 35.70,  -6.23E-011, 
 35.80,   5.81E-011, 
 35.90,   1.71E-010, 
 36.00,   2.44E-010, 
 36.10,   3.05E-010, 
 36.20,   3.68E-010, 
 36.30,   3.88E-010, 
 36.40,   4.10E-010, 
 36.50,   3.26E-010, 
 36.60,   2.60E-010, 
 36.70,   2.18E-010, 
 36.80,   1.65E-010, 
 36.90,   8.47E-011, 
 37.00,   6.37E-011, 
 37.10,   5.67E-011, 
 37.20,   1.44E-010, 
 37.30,   9.31E-011, 
 37.40,   3.29E-011, 
 37.50,   1.19E-011, 
 37.60,  -3.50E-011, 
 37.70,  -7.00E-012, 
 37.80,   5.60E-011, 
 37.90,   1.05E-011, 
 38.00,   1.34E-010, 
 38.10,   2.19E-010, 
 38.20,   2.72E-010, 
 38.30,   2.68E-010, 
 38.40,   1.44E-010, 
 38.50,   1.45E-010, 
 38.60,   1.76E-010, 
 38.70,   2.13E-010, 
 38.80,   3.51E-010, 
 38.90,   6.30E-010, 
 39.00,   1.27E-009, 
 39.10,   1.48E-009, 
 39.20,   1.85E-009, 
 39.30,   2.17E-009, 
 39.40,   2.81E-009, 
 39.50,   3.88E-009, 
 39.60,   5.82E-009, 
 39.70,   1.19E-008, 
 39.80,   2.68E-008, 
 39.90,   5.01E-008, 
 40.00,   7.15E-008, 
 40.10,   7.46E-008, 
 40.20,   7.79E-008, 
 40.30,   6.74E-008, 
 40.40,   5.84E-008, 
 40.50,   2.58E-008, 
 40.60,   8.85E-009, 
 40.70,   4.43E-009, 
 40.80,   2.72E-009, 
 40.90,   2.17E-009, 
 41.00,   2.31E-009, 
 41.10,   2.74E-009, 
 41.20,   2.93E-009, 
 41.30,   3.01E-009, 
 41.40,   2.88E-009, 
 41.50,   2.59E-009, 
 41.60,   1.75E-009, 
 41.70,   8.77E-010, 
 41.80,   3.40E-010, 
 41.90,   3.93E-010, 
 42.00,   7.57E-010, 
 42.10,   1.23E-009, 
 42.20,   1.17E-009, 
 42.30,   1.09E-009, 
 42.40,   1.06E-009, 
 42.50,   1.00E-009, 
 42.60,   2.61E-010, 
 42.70,   3.10E-010, 
 42.80,   4.85E-010, 
 42.90,   9.95E-010, 
 43.00,   1.56E-009, 
 43.10,   2.03E-009, 
 43.20,   2.40E-009, 
 43.30,   2.67E-009, 
 43.40,   2.82E-009, 
 43.50,   2.88E-009, 
 43.60,   2.44E-009, 
 43.70,   2.40E-009, 
 43.80,   3.50E-009, 
 43.90,   6.37E-009, 
 44.00,   1.05E-008, 
 44.10,   1.36E-008, 
 44.20,   1.53E-008, 
 44.30,   1.57E-008, 
 44.40,   1.46E-008, 
 44.50,   1.16E-008, 
 44.60,   5.92E-009, 
 44.70,   3.03E-009, 
 44.80,   1.82E-009, 
 44.90,   1.34E-009, 
 45.00,   1.51E-009, 
 45.10,   1.72E-009, 
 45.20,   1.87E-009, 
 45.30,   2.01E-009, 
 45.40,   1.96E-009, 
 45.50,   1.94E-009, 
 45.60,   1.44E-009, 
 45.70,   8.29E-010, 
 45.80,   2.49E-010, 
 45.90,   1.95E-010, 
 46.00,   3.23E-010, 
 46.10,   3.28E-010, 
 46.20,   4.53E-010, 
 46.30,   4.64E-010, 
 46.40,   4.68E-010, 
 46.50,   4.75E-010, 
 46.60,   3.94E-010, 
 46.70,   2.11E-010, 
 46.80,   1.55E-010, 
 46.90,   1.93E-010, 
 47.00,   2.55E-010, 
 47.10,   3.24E-010, 
 47.20,   2.76E-010, 
 47.30,   2.75E-010, 
 47.40,   3.16E-010, 
 47.50,   3.96E-010, 
 47.60,   2.63E-010, 
 47.70,   4.76E-011, 
 47.80,   3.22E-011, 
 47.90,   3.01E-011, 
 48.00,   2.52E-011, 
 48.10,   9.87E-011, 
 48.20,   5.04E-011, 
 48.30,   5.60E-012, 
 48.40,   6.02E-011, 
 48.50,   3.01E-011, 
 48.60,   7.84E-011, 
 48.70,   8.05E-011, 
 48.80,   4.83E-011, 
 48.90,   7.21E-011, 
 49.00,  -1.33E-011, 
 49.10,  -8.26E-011, 
 49.20,  -5.04E-011, 
 49.30,  -4.55E-011, 
 49.40,  -4.06E-011, 
 49.50,  -3.50E-012, 
 49.60,   1.61E-011, 
 49.70,   5.88E-011, 
 49.80,   4.62E-011, 
 49.90,   9.38E-011, 
 50.00,   2.76E-010, 
 50.10,   3.65E-010, 
 50.20,   4.85E-010, 
 50.30,   5.69E-010, 
 50.40,   6.42E-010, 
 50.50,   1.05E-009, 
 50.60,   5.77E-010, 
 50.70,   3.89E-010, 
 50.80,   5.04E-010, 
 50.90,   1.21E-009, 
 51.00,   1.77E-009, 
 51.10,   2.50E-009, 
 51.20,   2.91E-009, 
 51.30,   3.33E-009, 
 51.40,   3.37E-009, 
 51.50,   3.15E-009, 
 51.60,   2.22E-009, 
 51.70,   1.26E-009, 
 51.80,   3.73E-010, 
 51.90,   2.02E-010, 
 52.00,   1.83E-010, 
 52.10,   2.70E-010, 
 52.20,   2.86E-010, 
 52.30,   2.83E-010, 
 52.40,   2.65E-010, 
 52.50,   2.85E-010, 
 52.60,   2.18E-010, 
 52.70,   1.34E-010, 
 52.80,   7.07E-011, 
 52.90,   2.16E-010, 
 53.00,   2.13E-010, 
 53.10,   2.36E-010, 
 53.20,   2.72E-010, 
 53.30,   3.02E-010, 
 53.40,   3.89E-010, 
 53.50,   4.44E-010, 
 53.60,   3.42E-010, 
 53.70,   2.14E-010, 
 53.80,   1.81E-010, 
 53.90,   1.35E-010, 
 54.00,   1.23E-010, 
 54.10,   3.21E-010, 
 54.20,   4.12E-010, 
 54.30,   3.84E-010, 
 54.40,   4.36E-010, 
 54.50,   4.41E-010, 
 54.60,   3.82E-010, 
 54.70,   4.32E-010, 
 54.80,   3.05E-010, 
 54.90,   3.28E-010, 
 55.00,   5.29E-010, 
 55.10,   1.01E-009, 
 55.20,   1.17E-009, 
 55.30,   1.32E-009, 
 55.40,   1.43E-009, 
 55.50,   1.49E-009, 
 55.60,   1.41E-009, 
 55.70,   7.56E-010, 
 55.80,   2.94E-010, 
 55.90,   2.63E-010, 
 56.00,   3.18E-010, 
 56.10,   5.04E-010, 
 56.20,   1.04E-009, 
 56.30,   1.05E-009, 
 56.40,   1.05E-009, 
 56.50,   1.06E-009, 
 56.60,   6.59E-010, 
 56.70,   3.78E-010, 
 56.80,   3.61E-010, 
 56.90,   5.36E-010, 
 57.00,   9.89E-010, 
 57.10,   1.31E-009, 
 57.20,   1.61E-009, 
 57.30,   1.87E-009, 
 57.40,   2.08E-009, 
 57.50,   2.13E-009, 
 57.60,   2.03E-009, 
 57.70,   1.48E-009, 
 57.80,   6.40E-010, 
 57.90,   2.09E-010, 
 58.00,   1.84E-010, 
 58.10,   2.32E-010, 
 58.20,   3.75E-010, 
 58.30,   4.16E-010, 
 58.40,   4.93E-010, 
 58.50,   4.51E-010, 
 58.60,   4.91E-010, 
 58.70,   3.97E-010, 
 58.80,   3.44E-010, 
 58.90,   2.17E-010, 
 59.00,   2.31E-010, 
 59.10,   2.59E-010, 
 59.20,   3.58E-010, 
 59.30,   2.97E-010, 
 59.40,   2.98E-010, 
 59.50,   3.01E-010, 
 59.60,   2.55E-010, 
 59.70,   2.28E-010, 
 59.80,   2.58E-010, 
 59.90,   3.35E-010, 
 60.00,   4.26E-010, 
 60.10,   4.01E-010, 
 60.20,   3.68E-010, 
 60.30,   3.86E-010, 
 60.40,   4.12E-010, 
 60.50,   4.48E-010, 
 60.60,   3.85E-010, 
 60.70,   4.17E-010, 
 60.80,   3.49E-010, 
 60.90,   3.24E-010, 
 61.00,   3.42E-010, 
 61.10,   3.72E-010, 
 61.20,   3.52E-010, 
 61.30,   3.47E-010, 
 61.40,   4.38E-010, 
 61.50,   4.94E-010, 
 61.60,   3.86E-010, 
 61.70,   4.05E-010, 
 61.80,   3.71E-010, 
 61.90,   3.52E-010, 
 62.00,   3.88E-010, 
 62.10,   3.65E-010, 
 62.20,   3.88E-010, 
 62.30,   4.03E-010, 
 62.40,   3.97E-010, 
 62.50,   4.29E-010, 
 62.60,   3.77E-010, 
 62.70,   3.87E-010, 
 62.80,   3.05E-010, 
 62.90,   3.65E-010, 
 63.00,   3.84E-010, 
 63.10,   4.75E-010, 
 63.20,   5.32E-010, 
 63.30,   4.97E-010, 
 63.40,   5.29E-010, 
 63.50,   4.97E-010, 
 63.60,   4.67E-010, 
 63.70,   4.01E-010, 
 63.80,   4.07E-010, 
 63.90,   3.03E-010, 
 64.00,   3.54E-010, 
 64.10,   4.79E-010, 
 64.20,   4.87E-010, 
 64.30,   4.53E-010, 
 64.40,   4.87E-010, 
 64.50,   4.08E-010, 
 64.60,   2.73E-010, 
 64.70,   2.84E-010, 
 64.80,   3.49E-010, 
 64.90,   4.05E-010, 
 65.00,   4.73E-010, 
