  1.00,   3.23E-009, 
  1.10,   3.78E-009, 
  1.20,   6.01E-009, 
  1.30,   1.57E-008, 
  1.40,   2.38E-008, 
  1.50,   2.02E-008, 
  1.60,   1.68E-008, 
  1.70,   1.46E-008, 
  1.80,   1.44E-008, 
  1.90,   1.53E-008, 
  2.00,   1.59E-008, 
  2.10,   1.57E-008, 
  2.20,   1.49E-008, 
  2.30,   1.28E-008, 
  2.40,   9.99E-009, 
  2.50,   5.29E-009, 
  2.60,   2.67E-009, 
  2.70,   1.49E-009, 
  2.80,   5.85E-010, 
  2.90,   9.03E-011, 
  3.00,  -3.78E-011, 
  3.10,  -1.31E-010, 
  3.20,  -2.08E-010, 
  3.30,  -1.34E-010, 
  3.40,  -1.72E-010, 
  3.50,  -2.00E-010, 
  3.60,  -2.21E-010, 
  3.70,  -2.11E-010, 
  3.80,  -2.07E-010, 
  3.90,  -1.65E-010, 
  4.00,  -2.00E-010, 
  4.10,  -3.18E-010, 
  4.20,  -2.37E-010, 
  4.30,  -1.91E-010, 
  4.40,  -2.68E-010, 
  4.50,  -2.76E-010, 
  4.60,  -2.65E-010, 
  4.70,  -1.88E-010, 
  4.80,  -1.88E-010, 
  4.90,  -2.86E-010, 
  5.00,  -2.32E-010, 
  5.10,  -2.14E-010, 
  5.20,  -1.81E-010, 
  5.30,  -3.12E-010, 
  5.40,  -3.26E-010, 
  5.50,  -2.97E-010, 
  5.60,  -2.08E-010, 
  5.70,  -1.34E-010, 
  5.80,  -8.89E-011, 
  5.90,  -1.87E-010, 
  6.00,  -2.31E-010, 
  6.10,  -2.44E-010, 
  6.20,  -2.17E-010, 
  6.30,  -2.18E-010, 
  6.40,  -2.30E-010, 
  6.50,  -1.46E-010, 
  6.60,  -1.15E-010, 
  6.70,  -1.33E-010, 
  6.80,  -1.92E-010, 
  6.90,  -2.34E-010, 
  7.00,  -2.67E-010, 
  7.10,  -2.08E-010, 
  7.20,  -1.47E-010, 
  7.30,  -2.69E-010, 
  7.40,  -2.94E-010, 
  7.50,  -2.71E-010, 
  7.60,  -2.84E-010, 
  7.70,  -2.77E-010, 
  7.80,  -1.80E-010, 
  7.90,  -1.66E-010, 
  8.00,  -2.09E-010, 
  8.10,  -2.24E-010, 
  8.20,  -3.38E-010, 
  8.30,  -3.30E-010, 
  8.40,  -2.47E-010, 
  8.50,  -2.96E-010, 
  8.60,  -2.46E-010, 
  8.70,  -1.28E-010, 
  8.80,  -1.69E-010, 
  8.90,  -1.95E-010, 
  9.00,  -1.41E-010, 
  9.10,  -1.62E-010, 
  9.20,  -8.26E-011, 
  9.30,  -1.93E-010, 
  9.40,  -2.10E-010, 
  9.50,  -2.48E-010, 
  9.60,  -2.68E-010, 
  9.70,  -1.67E-010, 
  9.80,  -9.45E-011, 
  9.90,   3.29E-011, 
 10.00,   3.57E-011, 
 10.10,   9.10E-012, 
 10.20,   7.56E-011, 
 10.30,   9.38E-011, 
 10.40,  -1.33E-011, 
 10.50,  -4.55E-011, 
 10.60,  -2.18E-010, 
 10.70,  -2.07E-010, 
 10.80,  -1.66E-010, 
 10.90,  -1.35E-010, 
 11.00,  -1.32E-010, 
 11.10,  -1.37E-010, 
 11.20,  -1.69E-010, 
 11.30,  -1.66E-010, 
 11.40,  -1.68E-010, 
 11.50,  -1.93E-010, 
 11.60,  -1.95E-010, 
 11.70,  -7.07E-011, 
 11.80,   2.25E-010, 
 11.90,   3.95E-010, 
 12.00,   4.45E-010, 
 12.10,   3.46E-010, 
 12.20,   2.46E-010, 
 12.30,   1.94E-010, 
 12.40,   1.59E-010, 
 12.50,   1.82E-011, 
 12.60,  -6.23E-011, 
 12.70,  -1.86E-010, 
 12.80,  -2.07E-010, 
 12.90,  -2.15E-010, 
 13.00,  -1.47E-011, 
 13.10,   1.54E-010, 
 13.20,   4.15E-010, 
 13.30,   1.30E-009, 
 13.40,   2.65E-009, 
 13.50,   6.19E-009, 
 13.60,   1.74E-008, 
 13.70,   4.90E-008, 
 13.80,   1.00E-007, 
 13.90,   1.35E-007, 
 14.00,   1.42E-007, 
 14.10,   1.46E-007, 
 14.20,   1.27E-007, 
 14.30,   1.07E-007, 
 14.40,   4.55E-008, 
 14.50,   1.21E-008, 
 14.60,   5.76E-009, 
 14.70,   3.36E-009, 
 14.80,   2.40E-009, 
 14.90,   2.08E-009, 
 15.00,   1.93E-009, 
 15.10,   1.75E-009, 
 15.20,   1.64E-009, 
 15.30,   1.61E-009, 
 15.40,   1.96E-009, 
 15.50,   2.97E-009, 
 15.60,   6.20E-009, 
 15.70,   1.41E-008, 
 15.80,   2.78E-008, 
 15.90,   4.09E-008, 
 16.00,   4.58E-008, 
 16.10,   4.74E-008, 
 16.20,   4.38E-008, 
 16.30,   3.78E-008, 
 16.40,   2.11E-008, 
 16.50,   9.26E-009, 
 16.60,   7.64E-009, 
 16.70,   1.13E-008, 
 16.80,   1.96E-008, 
 16.90,   2.98E-008, 
 17.00,   3.46E-008, 
 17.10,   3.61E-008, 
 17.20,   3.47E-008, 
 17.30,   3.12E-008, 
 17.40,   2.11E-008, 
 17.50,   1.33E-008, 
 17.60,   2.07E-008, 
 17.70,   5.07E-008, 
 17.80,   9.73E-008, 
 17.90,   1.39E-007, 
 18.00,   1.47E-007, 
 18.10,   1.52E-007, 
 18.20,   1.38E-007, 
 18.30,   1.19E-007, 
 18.40,   5.97E-008, 
 18.50,   1.46E-008, 
 18.60,   6.88E-009, 
 18.70,   4.27E-009, 
 18.80,   3.32E-009, 
 18.90,   3.47E-009, 
 19.00,   4.68E-009, 
 19.10,   7.45E-009, 
 19.20,   1.45E-008, 
 19.30,   3.74E-008, 
 19.40,   1.05E-007, 
 19.50,   2.67E-007, 
 19.60,   7.22E-007, 
 19.70,   1.43E-006, 
 19.80,   2.20E-006, 
 19.90,   2.90E-006, 
 20.00,   2.85E-006, 
 20.10,   3.02E-006, 
 20.20,   2.50E-006, 
 20.30,   2.17E-006, 
 20.40,   4.81E-007, 
 20.50,   3.24E-008, 
 20.60,   1.24E-008, 
 20.70,   7.82E-009, 
 20.80,   7.09E-009, 
 20.90,   8.04E-009, 
 21.00,   9.04E-009, 
 21.10,   9.68E-009, 
 21.20,   1.02E-008, 
 21.30,   1.13E-008, 
 21.40,   1.30E-008, 
 21.50,   1.96E-008, 
 21.60,   5.33E-008, 
 21.70,   1.33E-007, 
 21.80,   2.19E-007, 
 21.90,   2.93E-007, 
 22.00,   2.97E-007, 
 22.10,   3.12E-007, 
 22.20,   2.71E-007, 
 22.30,   2.42E-007, 
 22.40,   9.44E-008, 
 22.50,   1.66E-008, 
 22.60,   7.04E-009, 
 22.70,   3.84E-009, 
 22.80,   2.33E-009, 
 22.90,   1.46E-009, 
 23.00,   9.64E-010, 
 23.10,   3.80E-010, 
 23.20,   2.94E-010, 
 23.30,   2.99E-010, 
 23.40,   2.63E-010, 
 23.50,   1.44E-010, 
 23.60,  -2.24E-011, 
 23.70,  -4.41E-011, 
 23.80,  -4.20E-011, 
 23.90,  -9.80E-012, 
 24.00,  -5.95E-011, 
 24.10,  -1.38E-010, 
 24.20,  -1.20E-010, 
 24.30,  -2.59E-011, 
 24.40,  -6.23E-011, 
 24.50,  -1.15E-010, 
 24.60,  -1.26E-010, 
 24.70,  -1.65E-010, 
 24.80,  -2.18E-010, 
 24.90,  -1.30E-010, 
 25.00,  -3.57E-011, 
 25.10,  -4.90E-011, 
 25.20,  -1.40E-011, 
 25.30,   2.94E-011, 
 25.40,   3.15E-011, 
 25.50,   3.50E-011, 
 25.60,  -2.31E-011, 
 25.70,   6.79E-011, 
 25.80,   1.16E-010, 
 25.90,   1.26E-010, 
 26.00,   3.02E-010, 
 26.10,   4.40E-010, 
 26.20,   4.40E-010, 
 26.30,   4.82E-010, 
 26.40,   5.64E-010, 
 26.50,   5.53E-010, 
 26.60,   5.42E-010, 
 26.70,   8.24E-010, 
 26.80,   1.71E-009, 
 26.90,   2.44E-009, 
 27.00,   3.80E-009, 
 27.10,   6.30E-009, 
 27.20,   1.11E-008, 
 27.30,   2.50E-008, 
 27.40,   6.35E-008, 
 27.50,   1.52E-007, 
 27.60,   3.80E-007, 
 27.70,   8.72E-007, 
 27.80,   1.41E-006, 
 27.90,   1.95E-006, 
 28.00,   2.11E-006, 
 28.10,   2.12E-006, 
 28.20,   1.97E-006, 
 28.30,   1.75E-006, 
 28.40,   8.62E-007, 
 28.50,   5.58E-008, 
 28.60,   1.60E-008, 
 28.70,   1.02E-008, 
 28.80,   1.02E-008, 
 28.90,   1.29E-008, 
 29.00,   1.55E-008, 
 29.10,   1.65E-008, 
 29.20,   1.69E-008, 
 29.30,   1.55E-008, 
 29.40,   1.27E-008, 
 29.50,   6.38E-009, 
 29.60,   3.34E-009, 
 29.70,   2.00E-009, 
 29.80,   1.36E-009, 
 29.90,   1.01E-009, 
 30.00,   7.53E-010, 
 30.10,   5.13E-010, 
 30.20,   5.55E-010, 
 30.30,   4.92E-010, 
 30.40,   4.85E-010, 
 30.50,   4.44E-010, 
 30.60,   3.07E-010, 
 30.70,   2.82E-010, 
 30.80,   3.43E-010, 
 30.90,   6.83E-010, 
 31.00,   1.36E-009, 
 31.10,   1.79E-009, 
 31.20,   2.62E-009, 
 31.30,   5.13E-009, 
 31.40,   1.07E-008, 
 31.50,   2.46E-008, 
 31.60,   6.92E-008, 
 31.70,   1.74E-007, 
 31.80,   2.94E-007, 
 31.90,   4.13E-007, 
 32.00,   4.39E-007, 
 32.10,   4.48E-007, 
 32.20,   4.12E-007, 
 32.30,   3.78E-007, 
 32.40,   1.99E-007, 
 32.50,   2.74E-008, 
 32.60,   9.51E-009, 
 32.70,   5.00E-009, 
 32.80,   3.03E-009, 
 32.90,   2.00E-009, 
 33.00,   1.46E-009, 
 33.10,   1.18E-009, 
 33.20,   1.01E-009, 
 33.30,   9.83E-010, 
 33.40,   5.57E-010, 
 33.50,   2.34E-010, 
 33.60,   3.16E-010, 
 33.70,   4.05E-010, 
 33.80,   6.15E-010, 
 33.90,   1.40E-009, 
 34.00,   1.66E-009, 
 34.10,   1.80E-009, 
 34.20,   1.91E-009, 
 34.30,   1.86E-009, 
 34.40,   1.68E-009, 
 34.50,   9.48E-010, 
 34.60,   2.96E-010, 
 34.70,   1.74E-010, 
 34.80,   1.23E-010, 
 34.90,   8.89E-011, 
 35.00,   2.59E-011, 
 35.10,   1.10E-010, 
 35.20,   9.87E-011, 
 35.30,   3.99E-011, 
 35.40,  -2.66E-011, 
 35.50,  -1.11E-010, 
 35.60,  -6.23E-011, 
 35.70,   4.97E-011, 
 35.80,   1.54E-011, 
 35.90,  -3.71E-011, 
 36.00,   5.46E-011, 
 36.10,   1.88E-010, 
 36.20,   3.38E-010, 
 36.30,   2.44E-010, 
 36.40,   1.88E-010, 
 36.50,   3.85E-011, 
 36.60,   1.05E-011, 
 36.70,   2.03E-011, 
 36.80,   2.45E-011, 
 36.90,   1.82E-011, 
 37.00,  -1.61E-011, 
 37.10,   1.33E-011, 
 37.20,  -1.19E-011, 
 37.30,   1.68E-011, 
 37.40,   7.70E-011, 
 37.50,   8.40E-012, 
 37.60,  -6.30E-012, 
 37.70,  -4.90E-011, 
 37.80,  -5.11E-011, 
 37.90,   2.52E-011, 
 38.00,   3.85E-011, 
 38.10,   1.23E-010, 
 38.20,   2.33E-010, 
 38.30,   2.11E-010, 
 38.40,   1.77E-010, 
 38.50,   7.28E-011, 
 38.60,  -4.90E-011, 
 38.70,  -4.62E-011, 
 38.80,   1.06E-010, 
 38.90,   3.40E-010, 
 39.00,   5.58E-010, 
 39.10,   1.20E-009, 
 39.20,   1.24E-009, 
 39.30,   1.43E-009, 
 39.40,   1.97E-009, 
 39.50,   2.79E-009, 
 39.60,   5.30E-009, 
 39.70,   1.16E-008, 
 39.80,   2.31E-008, 
 39.90,   3.95E-008, 
 40.00,   4.85E-008, 
 40.10,   5.11E-008, 
 40.20,   4.95E-008, 
 40.30,   4.51E-008, 
 40.40,   3.26E-008, 
 40.50,   1.20E-008, 
 40.60,   5.41E-009, 
 40.70,   3.02E-009, 
 40.80,   1.97E-009, 
 40.90,   1.57E-009, 
 41.00,   1.54E-009, 
 41.10,   1.62E-009, 
 41.20,   1.56E-009, 
 41.30,   1.54E-009, 
 41.40,   1.55E-009, 
 41.50,   1.36E-009, 
 41.60,   8.06E-010, 
 41.70,   3.35E-010, 
 41.80,   4.01E-010, 
 41.90,   4.32E-010, 
 42.00,   5.01E-010, 
 42.10,   5.53E-010, 
 42.20,   6.93E-010, 
 42.30,   6.16E-010, 
 42.40,   5.82E-010, 
 42.50,   5.25E-010, 
 42.60,   3.76E-010, 
 42.70,   3.71E-010, 
 42.80,   4.29E-010, 
 42.90,   6.40E-010, 
 43.00,   1.23E-009, 
 43.10,   1.23E-009, 
 43.20,   1.29E-009, 
 43.30,   1.35E-009, 
 43.40,   1.45E-009, 
 43.50,   1.26E-009, 
 43.60,   8.23E-010, 
 43.70,   9.47E-010, 
 43.80,   1.78E-009, 
 43.90,   2.94E-009, 
 44.00,   4.27E-009, 
 44.10,   5.27E-009, 
 44.20,   6.03E-009, 
 44.30,   5.82E-009, 
 44.40,   5.49E-009, 
 44.50,   3.62E-009, 
 44.60,   1.87E-009, 
 44.70,   1.11E-009, 
 44.80,   4.05E-010, 
 44.90,   4.22E-010, 
 45.00,   4.94E-010, 
 45.10,   5.30E-010, 
 45.20,   5.93E-010, 
 45.30,   5.83E-010, 
 45.40,   4.75E-010, 
 45.50,   3.08E-010, 
 45.60,   1.12E-010, 
 45.70,   1.19E-011, 
 45.80,  -5.04E-011, 
 45.90,   8.40E-012, 
 46.00,   3.64E-011, 
 46.10,   2.11E-010, 
 46.20,   2.61E-010, 
 46.30,   2.16E-010, 
 46.40,   1.85E-010, 
 46.50,   1.46E-010, 
 46.60,   3.99E-011, 
 46.70,  -6.30E-012, 
 46.80,  -3.01E-011, 
 46.90,  -8.40E-012, 
 47.00,   4.69E-011, 
 47.10,   4.55E-011, 
 47.20,   8.47E-011, 
 47.30,   1.02E-010, 
 47.40,   1.66E-010, 
 47.50,   1.43E-010, 
 47.60,   8.19E-011, 
 47.70,   2.73E-011, 
 47.80,  -1.47E-011, 
 47.90,   2.87E-011, 
 48.00,  -2.66E-011, 
 48.10,  -7.00E-011, 
 48.20,  -3.50E-011, 
 48.30,  -2.31E-011, 
 48.40,  -1.68E-011, 
 48.50,  -2.24E-011, 
 48.60,  -2.45E-011, 
 48.70,   1.75E-011, 
 48.80,  -5.60E-012, 
 48.90,   3.43E-011, 
 49.00,   4.20E-012, 
 49.10,   7.84E-011, 
 49.20,   9.66E-011, 
 49.30,  -4.34E-011, 
 49.40,  -5.46E-011, 
 49.50,   1.47E-011, 
 49.60,   1.39E-010, 
 49.70,   1.05E-010, 
 49.80,   5.32E-011, 
 49.90,   1.04E-010, 
 50.00,   2.27E-010, 
 50.10,   3.20E-010, 
 50.20,   3.97E-010, 
 50.30,   2.77E-010, 
 50.40,   2.91E-010, 
 50.50,   3.14E-010, 
 50.60,   2.67E-010, 
 50.70,   1.50E-010, 
 50.80,   2.39E-010, 
 50.90,   2.16E-010, 
 51.00,   4.15E-010, 
 51.10,   5.33E-010, 
 51.20,   4.71E-010, 
 51.30,   4.01E-010, 
 51.40,   3.91E-010, 
 51.50,   3.17E-010, 
 51.60,   2.00E-010, 
 51.70,   1.69E-010, 
 51.80,   1.75E-010, 
 51.90,   1.96E-010, 
 52.00,   2.27E-010, 
 52.10,   1.30E-010, 
 52.20,   1.07E-010, 
 52.30,   2.35E-010, 
 52.40,   2.21E-010, 
 52.50,   1.86E-010, 
 52.60,   1.65E-010, 
 52.70,   1.01E-010, 
 52.80,   1.27E-010, 
 52.90,   1.07E-010, 
 53.00,   1.72E-010, 
 53.10,   1.66E-010, 
 53.20,   2.82E-010, 
 53.30,   3.32E-010, 
 53.40,   2.25E-010, 
 53.50,   1.89E-010, 
 53.60,   2.19E-010, 
 53.70,   1.53E-010, 
 53.80,   1.64E-010, 
 53.90,   8.47E-011, 
 54.00,   7.49E-011, 
 54.10,   1.15E-010, 
 54.20,   1.86E-010, 
 54.30,   1.48E-010, 
 54.40,   1.78E-010, 
 54.50,   1.47E-010, 
 54.60,   8.33E-011, 
 54.70,   1.61E-010, 
 54.80,   1.85E-010, 
 54.90,   2.56E-010, 
 55.00,   4.59E-010, 
 55.10,   4.77E-010, 
 55.20,   6.08E-010, 
 55.30,   5.70E-010, 
 55.40,   5.66E-010, 
 55.50,   5.46E-010, 
 55.60,   3.84E-010, 
 55.70,   2.35E-010, 
 55.80,   1.84E-010, 
 55.90,   1.80E-010, 
 56.00,   2.39E-010, 
 56.10,   2.72E-010, 
 56.20,   3.73E-010, 
 56.30,   3.87E-010, 
 56.40,   4.17E-010, 
 56.50,   4.71E-010, 
 56.60,   5.03E-010, 
 56.70,   4.58E-010, 
 56.80,   2.69E-010, 
 56.90,   2.37E-010, 
 57.00,   3.35E-010, 
 57.10,   5.48E-010, 
 57.20,   6.33E-010, 
 57.30,   1.19E-009, 
 57.40,   1.12E-009, 
 57.50,   8.97E-010, 
 57.60,   4.43E-010, 
 57.70,   3.18E-010, 
 57.80,   2.98E-010, 
 57.90,   2.89E-010, 
 58.00,   1.80E-010, 
 58.10,   1.81E-010, 
 58.20,   1.95E-010, 
 58.30,   1.44E-010, 
 58.40,   1.86E-010, 
 58.50,   2.09E-010, 
 58.60,   1.24E-010, 
 58.70,   1.60E-010, 
 58.80,   1.65E-010, 
 58.90,   6.37E-011, 
 59.00,   4.55E-011, 
 59.10,   8.61E-011, 
 59.20,   6.65E-011, 
 59.30,   1.16E-010, 
 59.40,   1.27E-010, 
 59.50,   1.51E-010, 
 59.60,   2.14E-010, 
 59.70,   1.25E-010, 
 59.80,   7.63E-011, 
 59.90,   0.00E+000, 
 60.00,  -6.30E-012, 
 60.10,   3.64E-011, 
 60.20,   1.26E-011, 
 60.30,   4.83E-011, 
 60.40,   1.16E-010, 
 60.50,   1.20E-010, 
 60.60,   1.10E-010, 
 60.70,   1.69E-010, 
 60.80,   1.62E-010, 
 60.90,   1.07E-010, 
 61.00,   2.80E-011, 
 61.10,   7.84E-011, 
 61.20,   1.13E-010, 
 61.30,   1.11E-010, 
 61.40,   1.16E-010, 
 61.50,   9.10E-011, 
 61.60,   1.65E-010, 
 61.70,   2.16E-010, 
 61.80,   1.76E-010, 
 61.90,   1.53E-010, 
 62.00,   2.08E-010, 
 62.10,   2.46E-010, 
 62.20,   2.59E-010, 
 62.30,   1.97E-010, 
 62.40,   1.25E-010, 
 62.50,   3.78E-011, 
 62.60,   1.66E-010, 
 62.70,   1.48E-010, 
 62.80,   1.48E-010, 
 62.90,   1.81E-010, 
 63.00,   2.88E-010, 
 63.10,   2.96E-010, 
 63.20,   4.24E-010, 
 63.30,   3.00E-010, 
 63.40,   2.25E-010, 
 63.50,   2.97E-010, 
 63.60,   2.73E-010, 
 63.70,   2.49E-010, 
 63.80,   1.68E-010, 
 63.90,   2.09E-010, 
 64.00,   3.07E-010, 
 64.10,   2.10E-010, 
 64.20,   7.07E-011, 
 64.30,   1.01E-010, 
 64.40,   1.32E-010, 
 64.50,   1.59E-010, 
 64.60,   1.74E-010, 
 64.70,   2.33E-010, 
 64.80,   1.41E-010, 
 64.90,   4.41E-011, 
 65.00,   5.46E-011, 
