  1.00,   2.16E-009, 
  1.10,   2.63E-009, 
  1.20,   4.61E-009, 
  1.30,   1.63E-008, 
  1.40,   2.50E-008, 
  1.50,   1.79E-008, 
  1.60,   1.48E-008, 
  1.70,   1.38E-008, 
  1.80,   1.48E-008, 
  1.90,   1.68E-008, 
  2.00,   1.81E-008, 
  2.10,   1.80E-008, 
  2.20,   1.71E-008, 
  2.30,   1.50E-008, 
  2.40,   1.14E-008, 
  2.50,   5.69E-009, 
  2.60,   2.87E-009, 
  2.70,   1.61E-009, 
  2.80,   7.21E-010, 
  2.90,   3.65E-010, 
  3.00,   3.26E-010, 
  3.10,   2.28E-010, 
  3.20,   1.06E-010, 
  3.30,   8.61E-011, 
  3.40,   4.83E-011, 
  3.50,   1.26E-011, 
  3.60,  -1.18E-010, 
  3.70,  -2.04E-010, 
  3.80,  -2.42E-010, 
  3.90,  -2.21E-010, 
  4.00,  -1.18E-010, 
  4.10,  -7.21E-011, 
  4.20,  -1.53E-010, 
  4.30,  -2.37E-010, 
  4.40,  -3.15E-010, 
  4.50,  -2.75E-010, 
  4.60,  -2.71E-010, 
  4.70,  -2.16E-010, 
  4.80,  -1.53E-010, 
  4.90,  -2.83E-010, 
  5.00,  -2.21E-010, 
  5.10,  -2.22E-010, 
  5.20,  -3.16E-010, 
  5.30,  -2.66E-010, 
  5.40,  -2.30E-010, 
  5.50,  -1.44E-010, 
  5.60,  -2.07E-010, 
  5.70,  -1.16E-010, 
  5.80,  -8.82E-011, 
  5.90,  -1.82E-010, 
  6.00,  -2.38E-010, 
  6.10,  -2.02E-010, 
  6.20,  -1.18E-010, 
  6.30,  -1.26E-010, 
  6.40,  -1.52E-010, 
  6.50,  -1.52E-010, 
  6.60,  -2.56E-010, 
  6.70,  -2.58E-010, 
  6.80,  -1.99E-010, 
  6.90,  -2.49E-010, 
  7.00,  -2.20E-010, 
  7.10,  -1.54E-010, 
  7.20,  -1.41E-010, 
  7.30,  -1.89E-010, 
  7.40,  -2.96E-010, 
  7.50,  -3.68E-010, 
  7.60,  -2.98E-010, 
  7.70,  -3.30E-010, 
  7.80,  -3.38E-010, 
  7.90,  -2.51E-010, 
  8.00,  -2.59E-010, 
  8.10,  -1.67E-010, 
  8.20,  -2.09E-010, 
  8.30,  -2.37E-010, 
  8.40,  -2.37E-010, 
  8.50,  -2.14E-010, 
  8.60,  -2.20E-010, 
  8.70,  -2.37E-010, 
  8.80,  -2.00E-010, 
  8.90,  -2.42E-010, 
  9.00,  -2.70E-010, 
  9.10,  -2.79E-010, 
  9.20,  -2.15E-010, 
  9.30,  -1.99E-010, 
  9.40,  -2.16E-010, 
  9.50,  -2.23E-010, 
  9.60,  -1.90E-010, 
  9.70,  -2.24E-010, 
  9.80,  -3.31E-010, 
  9.90,  -3.38E-010, 
 10.00,  -2.92E-010, 
 10.10,  -3.18E-010, 
 10.20,  -2.77E-010, 
 10.30,  -2.23E-010, 
 10.40,  -2.01E-010, 
 10.50,  -1.05E-010, 
 10.60,  -1.53E-010, 
 10.70,  -2.28E-010, 
 10.80,  -1.89E-010, 
 10.90,  -1.52E-010, 
 11.00,  -1.06E-010, 
 11.10,  -1.76E-010, 
 11.20,  -2.62E-010, 
 11.30,  -3.38E-010, 
 11.40,  -2.44E-010, 
 11.50,  -1.32E-010, 
 11.60,  -8.54E-011, 
 11.70,   2.07E-010, 
 11.80,   7.63E-010, 
 11.90,   1.44E-009, 
 12.00,   1.63E-009, 
 12.10,   1.58E-009, 
 12.20,   1.50E-009, 
 12.30,   1.23E-009, 
 12.40,   3.77E-010, 
 12.50,   1.57E-010, 
 12.60,   2.63E-010, 
 12.70,   6.25E-010, 
 12.80,   1.49E-009, 
 12.90,   1.91E-009, 
 13.00,   2.37E-009, 
 13.10,   2.67E-009, 
 13.20,   2.93E-009, 
 13.30,   3.71E-009, 
 13.40,   5.37E-009, 
 13.50,   1.12E-008, 
 13.60,   3.28E-008, 
 13.70,   8.97E-008, 
 13.80,   1.53E-007, 
 13.90,   1.88E-007, 
 14.00,   1.89E-007, 
 14.10,   1.91E-007, 
 14.20,   1.62E-007, 
 14.30,   1.25E-007, 
 14.40,   3.30E-008, 
 14.50,   1.08E-008, 
 14.60,   6.86E-009, 
 14.70,   7.48E-009, 
 14.80,   1.07E-008, 
 14.90,   1.42E-008, 
 15.00,   1.63E-008, 
 15.10,   1.73E-008, 
 15.20,   1.68E-008, 
 15.30,   1.50E-008, 
 15.40,   1.03E-008, 
 15.50,   7.72E-009, 
 15.60,   1.19E-008, 
 15.70,   2.45E-008, 
 15.80,   4.24E-008, 
 15.90,   5.70E-008, 
 16.00,   6.05E-008, 
 16.10,   6.15E-008, 
 16.20,   5.37E-008, 
 16.30,   4.25E-008, 
 16.40,   1.73E-008, 
 16.50,   8.62E-009, 
 16.60,   8.58E-009, 
 16.70,   1.45E-008, 
 16.80,   2.41E-008, 
 16.90,   3.37E-008, 
 17.00,   3.68E-008, 
 17.10,   3.79E-008, 
 17.20,   3.46E-008, 
 17.30,   3.04E-008, 
 17.40,   1.67E-008, 
 17.50,   1.36E-008, 
 17.60,   2.69E-008, 
 17.70,   6.72E-008, 
 17.80,   1.14E-007, 
 17.90,   1.49E-007, 
 18.00,   1.49E-007, 
 18.10,   1.55E-007, 
 18.20,   1.31E-007, 
 18.30,   1.09E-007, 
 18.40,   3.23E-008, 
 18.50,   9.91E-009, 
 18.60,   5.25E-009, 
 18.70,   4.03E-009, 
 18.80,   4.07E-009, 
 18.90,   4.86E-009, 
 19.00,   5.44E-009, 
 19.10,   5.63E-009, 
 19.20,   5.57E-009, 
 19.30,   5.06E-009, 
 19.40,   3.52E-009, 
 19.50,   2.16E-009, 
 19.60,   1.79E-009, 
 19.70,   2.12E-009, 
 19.80,   2.78E-009, 
 19.90,   3.79E-009, 
 20.00,   4.21E-009, 
 20.10,   4.59E-009, 
 20.20,   4.42E-009, 
 20.30,   3.95E-009, 
 20.40,   2.29E-009, 
 20.50,   1.28E-009, 
 20.60,   4.03E-010, 
 20.70,   9.31E-011, 
 20.80,   4.69E-011, 
 20.90,   9.24E-011, 
 21.00,   4.41E-011, 
 21.10,  -1.26E-011, 
 21.20,  -2.59E-011, 
 21.30,   4.62E-011, 
 21.40,   1.54E-011, 
 21.50,  -2.24E-011, 
 21.60,  -7.21E-011, 
 21.70,  -9.17E-011, 
 21.80,  -2.38E-010, 
 21.90,  -9.10E-011, 
 22.00,  -1.27E-010, 
 22.10,  -1.39E-010, 
 22.20,  -1.51E-010, 
 22.30,  -9.94E-011, 
 22.40,  -1.36E-010, 
 22.50,  -2.01E-010, 
 22.60,  -2.31E-010, 
 22.70,  -1.23E-010, 
 22.80,  -1.52E-010, 
 22.90,  -1.21E-010, 
 23.00,  -4.69E-011, 
 23.10,  -1.25E-010, 
 23.20,  -1.65E-010, 
 23.30,  -1.28E-010, 
 23.40,  -6.79E-011, 
 23.50,  -1.71E-010, 
 23.60,  -2.32E-010, 
 23.70,  -1.60E-010, 
 23.80,  -1.59E-010, 
 23.90,   3.50E-011, 
 24.00,   7.42E-011, 
 24.10,   1.40E-010, 
 24.20,   1.65E-010, 
 24.30,   1.41E-010, 
 24.40,   2.31E-011, 
 24.50,  -1.05E-011, 
 24.60,   1.27E-010, 
 24.70,   3.78E-010, 
 24.80,   9.66E-010, 
 24.90,   1.44E-009, 
 25.00,   1.53E-009, 
 25.10,   1.57E-009, 
 25.20,   1.63E-009, 
 25.30,   1.63E-009, 
 25.40,   1.21E-009, 
 25.50,   1.02E-009, 
 25.60,   1.30E-009, 
 25.70,   2.52E-009, 
 25.80,   4.46E-009, 
 25.90,   6.71E-009, 
 26.00,   8.33E-009, 
 26.10,   9.22E-009, 
 26.20,   9.31E-009, 
 26.30,   8.92E-009, 
 26.40,   6.29E-009, 
 26.50,   4.25E-009, 
 26.60,   4.67E-009, 
 26.70,   7.61E-009, 
 26.80,   1.30E-008, 
 26.90,   2.00E-008, 
 27.00,   2.62E-008, 
 27.10,   3.19E-008, 
 27.20,   4.15E-008, 
 27.30,   6.86E-008, 
 27.40,   1.24E-007, 
 27.50,   2.84E-007, 
 27.60,   7.30E-007, 
 27.70,   1.41E-006, 
 27.80,   2.05E-006, 
 27.90,   2.61E-006, 
 28.00,   2.54E-006, 
 28.10,   2.66E-006, 
 28.20,   2.23E-006, 
 28.30,   1.81E-006, 
 28.40,   2.20E-007, 
 28.50,   2.71E-008, 
 28.60,   1.75E-008, 
 28.70,   2.38E-008, 
 28.80,   3.70E-008, 
 28.90,   5.10E-008, 
 29.00,   5.53E-008, 
 29.10,   5.70E-008, 
 29.20,   5.15E-008, 
 29.30,   4.51E-008, 
 29.40,   2.05E-008, 
 29.50,   8.32E-009, 
 29.60,   4.94E-009, 
 29.70,   4.37E-009, 
 29.80,   5.24E-009, 
 29.90,   6.62E-009, 
 30.00,   7.80E-009, 
 30.10,   8.45E-009, 
 30.20,   8.67E-009, 
 30.30,   8.77E-009, 
 30.40,   7.85E-009, 
 30.50,   8.68E-009, 
 30.60,   1.66E-008, 
 30.70,   4.06E-008, 
 30.80,   7.41E-008, 
 30.90,   1.05E-007, 
 31.00,   1.11E-007, 
 31.10,   1.17E-007, 
 31.20,   1.08E-007, 
 31.30,   1.07E-007, 
 31.40,   6.12E-008, 
 31.50,   6.45E-008, 
 31.60,   1.64E-007, 
 31.70,   3.18E-007, 
 31.80,   4.63E-007, 
 31.90,   5.70E-007, 
 32.00,   5.54E-007, 
 32.10,   5.72E-007, 
 32.20,   4.92E-007, 
 32.30,   3.78E-007, 
 32.40,   6.28E-008, 
 32.50,   1.37E-008, 
 32.60,   6.51E-009, 
 32.70,   3.93E-009, 
 32.80,   2.78E-009, 
 32.90,   2.32E-009, 
 33.00,   2.20E-009, 
 33.10,   2.06E-009, 
 33.20,   1.92E-009, 
 33.30,   1.83E-009, 
 33.40,   1.38E-009, 
 33.50,   8.09E-010, 
 33.60,   4.66E-010, 
 33.70,   8.36E-010, 
 33.80,   1.51E-009, 
 33.90,   1.89E-009, 
 34.00,   2.04E-009, 
 34.10,   2.18E-009, 
 34.20,   2.10E-009, 
 34.30,   2.04E-009, 
 34.40,   1.40E-009, 
 34.50,   5.15E-010, 
 34.60,   2.47E-010, 
 34.70,   1.90E-010, 
 34.80,   1.54E-010, 
 34.90,   6.44E-011, 
 35.00,   1.61E-011, 
 35.10,   4.83E-011, 
 35.20,   7.00E-012, 
 35.30,  -4.41E-011, 
 35.40,  -9.17E-011, 
 35.50,  -1.03E-010, 
 35.60,  -1.46E-010, 
 35.70,   2.80E-012, 
 35.80,   4.20E-011, 
 35.90,   1.01E-010, 
 36.00,   1.20E-010, 
 36.10,   7.91E-011, 
 36.20,  -1.40E-012, 
 36.30,   9.80E-012, 
 36.40,  -6.30E-012, 
 36.50,  -6.72E-011, 
 36.60,  -4.97E-011, 
 36.70,  -9.94E-011, 
 36.80,  -1.32E-010, 
 36.90,  -9.59E-011, 
 37.00,  -5.11E-011, 
 37.10,  -9.73E-011, 
 37.20,  -1.06E-010, 
 37.30,  -1.74E-010, 
 37.40,  -1.04E-010, 
 37.50,  -5.25E-011, 
 37.60,  -1.77E-010, 
 37.70,  -1.90E-010, 
 37.80,  -1.17E-010, 
 37.90,  -9.52E-011, 
 38.00,  -4.69E-011, 
 38.10,   3.07E-010, 
 38.20,   3.14E-010, 
 38.30,   2.72E-010, 
 38.40,   2.64E-010, 
 38.50,   2.05E-010, 
 38.60,   1.05E-011, 
 38.70,  -6.09E-011, 
 38.80,   1.25E-010, 
 38.90,   3.24E-010, 
 39.00,   4.04E-010, 
 39.10,   4.87E-010, 
 39.20,   1.06E-009, 
 39.30,   1.56E-009, 
 39.40,   2.25E-009, 
 39.50,   4.00E-009, 
 39.60,   8.89E-009, 
 39.70,   1.83E-008, 
 39.80,   3.26E-008, 
 39.90,   4.42E-008, 
 40.00,   4.62E-008, 
 40.10,   4.67E-008, 
 40.20,   4.23E-008, 
 40.30,   3.49E-008, 
 40.40,   1.39E-008, 
 40.50,   5.96E-009, 
 40.60,   3.13E-009, 
 40.70,   2.05E-009, 
 40.80,   1.65E-009, 
 40.90,   1.65E-009, 
 41.00,   1.73E-009, 
 41.10,   1.81E-009, 
 41.20,   1.71E-009, 
 41.30,   1.66E-009, 
 41.40,   1.40E-009, 
 41.50,   7.33E-010, 
 41.60,   5.30E-010, 
 41.70,   9.78E-010, 
 41.80,   1.56E-009, 
 41.90,   2.12E-009, 
 42.00,   2.45E-009, 
 42.10,   2.83E-009, 
 42.20,   3.00E-009, 
 42.30,   3.00E-009, 
 42.40,   2.44E-009, 
 42.50,   1.47E-009, 
 42.60,   1.36E-009, 
 42.70,   2.11E-009, 
 42.80,   3.46E-009, 
 42.90,   5.31E-009, 
 43.00,   6.82E-009, 
 43.10,   7.78E-009, 
 43.20,   8.00E-009, 
 43.30,   7.85E-009, 
 43.40,   6.29E-009, 
 43.50,   3.68E-009, 
 43.60,   2.99E-009, 
 43.70,   3.41E-009, 
 43.80,   4.95E-009, 
 43.90,   7.34E-009, 
 44.00,   9.07E-009, 
 44.10,   9.98E-009, 
 44.20,   9.93E-009, 
 44.30,   9.66E-009, 
 44.40,   7.15E-009, 
 44.50,   4.57E-009, 
 44.60,   4.60E-009, 
 44.70,   7.27E-009, 
 44.80,   1.26E-008, 
 44.90,   2.11E-008, 
 45.00,   2.82E-008, 
 45.10,   3.05E-008, 
 45.20,   3.07E-008, 
 45.30,   2.85E-008, 
 45.40,   2.23E-008, 
 45.50,   1.00E-008, 
 45.60,   5.55E-009, 
 45.70,   5.00E-009, 
 45.80,   6.39E-009, 
 45.90,   9.63E-009, 
 46.00,   1.29E-008, 
 46.10,   1.44E-008, 
 46.20,   1.53E-008, 
 46.30,   1.45E-008, 
 46.40,   1.23E-008, 
 46.50,   6.67E-009, 
 46.60,   3.49E-009, 
 46.70,   2.07E-009, 
 46.80,   1.36E-009, 
 46.90,   1.01E-009, 
 47.00,   8.41E-010, 
 47.10,   1.11E-009, 
 47.20,   1.13E-009, 
 47.30,   9.23E-010, 
 47.40,   5.60E-010, 
 47.50,   4.50E-010, 
 47.60,   3.21E-010, 
 47.70,   1.32E-010, 
 47.80,   5.32E-011, 
 47.90,  -3.57E-011, 
 48.00,  -4.90E-011, 
 48.10,   2.52E-011, 
 48.20,   5.74E-011, 
 48.30,   1.19E-011, 
 48.40,   1.40E-011, 
 48.50,  -6.58E-011, 
 48.60,  -8.54E-011, 
 48.70,  -3.29E-011, 
 48.80,  -5.18E-011, 
 48.90,  -3.43E-011, 
 49.00,  -1.96E-011, 
 49.10,  -8.33E-011, 
 49.20,  -5.04E-011, 
 49.30,  -4.69E-011, 
 49.40,   9.10E-012, 
 49.50,   5.11E-011, 
 49.60,  -4.13E-011, 
 49.70,  -2.10E-011, 
 49.80,  -3.29E-011, 
 49.90,   3.92E-011, 
 50.00,   1.55E-010, 
 50.10,   1.07E-010, 
 50.20,   9.87E-011, 
 50.30,   2.09E-010, 
 50.40,   1.46E-010, 
 50.50,   1.89E-011, 
 50.60,  -7.35E-011, 
 50.70,  -1.41E-010, 
 50.80,  -8.61E-011, 
 50.90,  -3.29E-011, 
 51.00,  -6.30E-012, 
 51.10,   4.97E-011, 
 51.20,   1.20E-010, 
 51.30,   9.80E-011, 
 51.40,   1.52E-010, 
 51.50,   1.44E-010, 
 51.60,   5.39E-011, 
 51.70,  -2.80E-012, 
 51.80,   3.08E-011, 
 51.90,   9.73E-011, 
 52.00,   1.23E-010, 
 52.10,   5.39E-011, 
 52.20,   4.34E-011, 
 52.30,   1.42E-010, 
 52.40,   1.20E-010, 
 52.50,   6.86E-011, 
 52.60,   3.15E-011, 
 52.70,   7.00E-012, 
 52.80,  -5.67E-011, 
 52.90,  -3.36E-011, 
 53.00,   1.08E-010, 
 53.10,   1.25E-010, 
 53.20,   7.28E-011, 
 53.30,   9.80E-011, 
 53.40,   9.94E-011, 
 53.50,   4.27E-011, 
 53.60,   5.46E-011, 
 53.70,   1.19E-011, 
 53.80,  -1.06E-010, 
 53.90,  -1.40E-011, 
 54.00,   1.33E-011, 
 54.10,   6.16E-011, 
 54.20,   8.05E-011, 
 54.30,   1.25E-010, 
 54.40,   9.66E-011, 
 54.50,   3.01E-011, 
 54.60,  -3.78E-011, 
 54.70,   1.19E-011, 
 54.80,  -4.41E-011, 
 54.90,  -9.80E-012, 
 55.00,   1.03E-010, 
 55.10,   1.77E-010, 
 55.20,   1.70E-010, 
 55.30,   2.16E-010, 
 55.40,   1.68E-010, 
 55.50,   2.01E-010, 
 55.60,   2.07E-010, 
 55.70,   2.23E-010, 
 55.80,   2.27E-010, 
 55.90,   2.50E-010, 
 56.00,   2.25E-010, 
 56.10,   1.74E-010, 
 56.20,   2.09E-010, 
 56.30,   2.25E-010, 
 56.40,   9.59E-011, 
 56.50,   1.02E-010, 
 56.60,   4.69E-011, 
 56.70,   1.08E-010, 
 56.80,   1.26E-010, 
 56.90,   2.96E-010, 
 57.00,   3.66E-010, 
 57.10,   4.37E-010, 
 57.20,   5.11E-010, 
 57.30,   4.24E-010, 
 57.40,   5.22E-010, 
 57.50,   4.24E-010, 
 57.60,   2.42E-010, 
 57.70,   5.39E-011, 
 57.80,  -4.90E-012, 
 57.90,   2.52E-011, 
 58.00,   9.17E-011, 
 58.10,   1.09E-010, 
 58.20,   6.72E-011, 
 58.30,   9.31E-011, 
 58.40,   1.43E-010, 
 58.50,  -1.05E-011, 
 58.60,  -4.20E-012, 
 58.70,   9.03E-011, 
 58.80,   1.42E-010, 
 58.90,   1.55E-010, 
 59.00,   1.62E-010, 
 59.10,   1.66E-010, 
 59.20,   9.38E-011, 
 59.30,   9.31E-011, 
 59.40,   6.86E-011, 
 59.50,  -3.57E-011, 
 59.60,  -2.87E-011, 
 59.70,   5.32E-011, 
 59.80,   4.13E-011, 
 59.90,   4.69E-011, 
 60.00,   4.69E-011, 
 60.10,   2.94E-011, 
 60.20,  -1.68E-011, 
 60.30,   2.45E-011, 
 60.40,  -3.01E-011, 
 60.50,  -1.02E-010, 
 60.60,   2.10E-011, 
 60.70,   6.44E-011, 
 60.80,   1.60E-010, 
 60.90,   4.34E-011, 
 61.00,  -2.03E-011, 
 61.10,   6.30E-012, 
 61.20,   4.69E-011, 
 61.30,   1.16E-010, 
 61.40,   1.82E-010, 
 61.50,   7.77E-011, 
 61.60,   1.39E-010, 
 61.70,   1.76E-010, 
 61.80,   2.04E-010, 
 61.90,   1.02E-010, 
 62.00,   1.23E-010, 
 62.10,   9.38E-011, 
 62.20,   3.43E-011, 
 62.30,   9.73E-011, 
 62.40,   7.35E-011, 
 62.50,  -9.87E-011, 
 62.60,   5.95E-011, 
 62.70,  -2.10E-012, 
 62.80,   7.49E-011, 
 62.90,   1.41E-010, 
 63.00,   2.11E-010, 
 63.10,   2.44E-010, 
 63.20,   2.22E-010, 
 63.30,   1.42E-010, 
 63.40,   3.15E-011, 
 63.50,   1.12E-011, 
 63.60,   1.40E-012, 
 63.70,  -5.60E-011, 
 63.80,   2.38E-011, 
 63.90,   4.13E-011, 
 64.00,   2.10E-012, 
 64.10,   2.59E-011, 
 64.20,  -4.34E-011, 
 64.30,   3.22E-011, 
 64.40,   9.10E-011, 
 64.50,   1.51E-010, 
 64.60,   1.67E-010, 
 64.70,   1.30E-010, 
 64.80,   1.09E-010, 
 64.90,   7.98E-011, 
 65.00,   2.00E-010, 
