0
0
0
0
0
0
0
0
0
0
0
0
0
0
0
0
0
0
0
0
0
0
0
0
0
0
0
0
0
0
0
0
0
0
0
0
0
0
0
0
0
0
0
0
0
0
0
0
0
0
0
244
360
321
352
320
353
339
345
305
322
286
315
326
301
289
280
345
325
322
341
312
340
307
300
344
314
315
336
405
336
311
360
332
314
348
317
308
336
339
366
301
307
333
349
327
297
311
304
304
274
264
265
314
304
292
304
292
277
249
291
299
274
272
284
276
289
273
286
291
244
255
254
273
256
285
252
264
248
255
246
267
274
252
267
256
233
263
246
261
253
249
254
240
237
243
235
247
239
220
231
239
241
243
228
232
214
224
218
216
233
167
242
194
186
208
203
173
210
187
179
170
197
182
190
180
180
156
177
175
196
190
155
185
182
171
154
179
163
135
181
150
154
169
171
147
169
173
157
162
140
126
154
151
173
131
138
144
136
132
141
153
136
150
139
151
125
126
123
136
138
144
141
128
149
150
121
129
136
104
137
126
120
101
134
113
118
108
123
102
115
115
118
106
110
104
93
116
94
94
118
123
98
119
95
82
117
112
105
121
92
95
86
103
106
107
123
105
85
101
90
70
99
100
108
96
106
101
127
96
101
93
82
93
93
100
97
107
87
83
102
102
110
87
110
102
103
99
112
99
102
89
107
98
100
97
95
99
85
89
100
97
108
84
79
82
103
74
89
102
89
106
92
98
90
98
88
88
89
78
92
106
101
93
95
85
96
93
81
91
94
77
90
100
83
92
99
81
67
95
109
105
103
95
95
111
71
81
78
109
100
98
101
107
84
100
96
102
93
102
75
102
107
95
83
102
117
106
97
112
93
116
109
109
106
95
89
90
99
88
88
114
92
103
101
110
90
97
109
88
90
81
104
86
69
104
99
84
96
87
94
97
84
85
89
97
93
91
102
105
93
83
84
84
84
77
94
100
83
89
101
92
86
82
95
110
81
90
86
79
101
114
83
100
93
92
81
111
93
73
101
101
104
94
81
85
102
94
100
101
89
84
96
91
101
93
82
99
94
99
89
82
92
95
83
100
84
95
87
90
96
80
79
107
96
79
83
101
85
81
83
103
102
92
75
100
111
100
113
113
65
85
95
118
95
80
106
105
92
85
75
90
88
104
102
97
99
95
99
93
118
107
80
102
113
107
100
104
117
94
102
108
86
111
95
87
98
95
81
112
109
98
95
84
108
112
99
109
89
105
108
106
89
89
113
90
95
105
95
108
90
88
90
96
93
102
94
93
93
95
92
86
92
97
97
102
90
85
90
74
85
97
83
83
90
95
83
86
90
90
95
93
87
93
61
77
87
80
83
85
89
85
64
71
71
82
74
67
75
83
77
69
93
75
69
88
77
85
59
66
79
62
74
67
72
91
81
75
68
66
74
75
78
60
65
76
82
68
57
74
57
68
77
64
63
76
74
55
54
76
60
70
69
75
67
50
73
60
51
62
59
74
69
70
63
55
54
59
48
65
51
63
59
63
55
52
61
67
49
59
62
55
66
54
57
62
69
66
62
83
61
74
92
76
94
94
119
108
128
114
114
137
126
153
165
165
164
167
207
219
210
211
224
222
272
258
252
263
261
266
264
257
283
263
249
268
240
268
248
223
233
221
237
198
174
193
187
153
169
143
145
132
118
105
118
88
78
83
62
65
56
63
51
52
41
27
35
34
46
24
35
31
37
20
22
28
24
18
19
13
22
16
17
18
22
26
37
24
24
31
36
32
32
20
45
43
48
60
50
61
60
68
84
104
93
119
101
101
143
140
132
152
149
143
140
162
192
185
191
213
201
233
204
218
249
220
219
183
213
230
213
210
195
207
219
175
224
183
182
167
182
177
160
151
136
133
122
133
84
101
93
82
63
73
56
50
53
40
39
29
31
33
30
26
14
17
26
16
12
9
6
12
11
4
10
5
6
5
3
5
6
8
8
7
4
2
4
4
6
4
5
2
5
6
4
8
6
4
2
3
4
3
5
6
4
3
9
6
3
6
3
4
4
6
6
5
3
5
4
2
3
2
0
3
1
2
4
5
3
3
4
2
0
5
1
1
4
2
0
0
2
1
1
1
0
1
2
2
1
2
2
0
0
3
0
4
2
1
1
0
1
1
1
3
2
3
0
1
0
3
0
1
1
2
1
2
1
1
3
0
1
1
1
1
4
0
2
0
3
2
0
2
1
0
2
0
3
1
0
0
1
1
0
1
0
0
3
1
3
1
0
2
0
2
1
2
0
0
1
1
2
1
2
3
0
2
0
2
1
1
1
1
2
1